Network Management Card AOS v6.9.6
RPDU 2g APP v6.9.6
NMC Serial Number: 5A2111E02041

Model Number: AP8853
RPDU Serial Number: 5A2111E02646
Hardware Revision: 02
NMC BM Version: 1.0.9

Date     	Time     	Name	Contact	Location	System IP
02/10/2025	09:34:31	apc48764F	Unknown	Unknown	0.0.0.0

		RPDU 1* (SN:5A2111E02646)   	   	   	   	   	   	   	Bank I.A	   	Bank I Max.A	   	
Date	Time	Pwr.kW	Pwr Max.kW	Energy.kWh	Temp.C	Hum.%RH	Ph I.A	Ph I Max.A	1	2	1	2
02/10/2025	09:31:21	1.12	1.15	26927.7	   	   	5.2	5.3	2.1	3.2	2.1	3.2	
02/10/2025	09:21:21	1.12	1.12	26927.5	   	   	5.2	5.2	2.1	3.2	2.1	3.2	
02/10/2025	09:11:21	1.12	1.12	26927.3	   	   	5.2	5.2	2.1	3.1	2.1	3.2	
02/10/2025	09:01:21	1.12	1.12	26927.1	   	   	5.2	5.2	2.1	3.1	2.1	3.2	
02/10/2025	08:51:21	1.12	1.12	26926.9	   	   	5.2	5.2	2.1	3.1	2.1	3.2	
02/10/2025	08:41:21	1.12	1.12	26926.7	   	   	5.2	5.2	2.1	3.1	2.1	3.2	
02/10/2025	08:31:21	1.12	1.12	26926.6	   	   	5.2	5.2	2.1	3.2	2.1	3.2	
02/10/2025	08:21:21	1.12	1.12	26926.4	   	   	5.2	5.2	2.1	3.1	2.1	3.2	
02/10/2025	08:11:21	1.12	1.12	26926.2	   	   	5.2	5.2	2.1	3.1	2.1	3.2	
02/10/2025	08:01:21	1.12	1.12	26926.0	   	   	5.2	5.2	2.1	3.1	2.1	3.2	
02/10/2025	07:51:21	1.12	1.12	26925.8	   	   	5.2	5.2	2.1	3.1	2.1	3.2	
02/10/2025	07:41:21	1.12	1.12	26925.6	   	   	5.2	5.2	2.1	3.1	2.1	3.2	
02/10/2025	07:31:21	1.12	1.12	26925.5	   	   	5.2	5.2	2.1	3.1	2.1	3.2	
02/10/2025	07:21:21	1.10	1.12	26925.3	   	   	5.1	5.2	2.1	3.1	2.1	3.2	
02/10/2025	07:11:21	1.10	1.12	26925.1	   	   	5.1	5.2	2.1	3.1	2.1	3.1	
02/10/2025	07:01:21	1.10	1.12	26924.9	   	   	5.1	5.2	2.1	3.1	2.1	3.1	
02/10/2025	06:51:20	1.10	1.12	26924.7	   	   	5.1	5.2	2.1	3.1	2.1	3.1	
02/10/2025	06:41:20	1.10	1.12	26924.5	   	   	5.1	5.2	2.1	3.1	2.1	3.1	
02/10/2025	06:31:20	1.10	1.12	26924.4	   	   	5.1	5.2	2.1	3.1	2.1	3.1	
02/10/2025	06:21:20	1.10	1.10	26924.2	   	   	5.1	5.1	2.1	3.1	2.1	3.1	
02/10/2025	06:11:20	1.10	1.10	26924.0	   	   	5.1	5.1	2.1	3.1	2.1	3.1	
02/10/2025	06:01:20	1.10	1.10	26923.8	   	   	5.1	5.1	2.1	3.1	2.1	3.1	
02/10/2025	05:51:20	1.10	1.10	26923.6	   	   	5.1	5.1	2.1	3.0	2.1	3.1	
02/10/2025	05:41:20	1.10	1.10	26923.5	   	   	5.1	5.1	2.1	3.0	2.1	3.1	
02/10/2025	05:31:20	1.10	1.12	26923.3	   	   	5.1	5.2	2.1	3.0	2.1	3.1	
02/10/2025	05:21:20	1.10	1.10	26923.1	   	   	5.1	5.1	2.1	3.0	2.1	3.1	
02/10/2025	05:11:20	1.10	1.10	26922.9	   	   	5.1	5.1	2.1	3.0	2.1	3.1	
02/10/2025	05:01:20	1.10	1.10	26922.7	   	   	5.1	5.1	2.1	3.0	2.1	3.1	
02/10/2025	04:51:20	1.10	1.10	26922.6	   	   	5.1	5.1	2.1	3.0	2.1	3.1	
02/10/2025	04:41:20	1.08	1.10	26922.4	   	   	5.0	5.1	2.1	3.0	2.1	3.1	
02/10/2025	04:31:20	1.10	1.10	26922.2	   	   	5.1	5.1	2.1	3.0	2.1	3.1	
02/10/2025	04:21:20	1.08	1.10	26922.0	   	   	5.0	5.1	2.1	3.0	2.1	3.1	
02/10/2025	04:11:20	1.08	1.10	26921.8	   	   	5.0	5.1	2.1	3.0	2.1	3.0	
02/10/2025	04:01:20	1.10	1.10	26921.7	   	   	5.1	5.1	2.1	3.0	2.1	3.1	
02/10/2025	03:51:20	1.08	1.10	26921.5	   	   	5.0	5.1	2.1	3.0	2.1	3.1	
02/10/2025	03:41:20	1.08	1.10	26921.3	   	   	5.0	5.1	2.1	3.0	2.1	3.1	
02/10/2025	03:31:20	1.10	1.10	26921.1	   	   	5.1	5.1	2.1	3.0	2.1	3.1	
02/10/2025	03:21:19	1.10	1.10	26920.9	   	   	5.1	5.1	2.1	3.0	2.1	3.1	
02/10/2025	03:11:19	1.08	1.10	26920.8	   	   	5.0	5.1	2.1	3.0	2.1	3.1	
02/10/2025	03:01:19	1.10	1.10	26920.6	   	   	5.1	5.1	2.1	3.0	2.1	3.1	
02/10/2025	02:51:19	1.10	1.10	26920.4	   	   	5.1	5.1	2.1	3.0	2.1	3.1	
02/10/2025	02:41:19	1.10	1.10	26920.2	   	   	5.1	5.1	2.1	3.0	2.1	3.1	
02/10/2025	02:31:19	1.10	1.10	26920.0	   	   	5.1	5.1	2.1	3.0	2.1	3.1	
02/10/2025	02:21:19	1.10	1.10	26919.9	   	   	5.1	5.1	2.1	3.0	2.1	3.1	
02/10/2025	02:11:19	1.10	1.10	26919.7	   	   	5.1	5.1	2.1	3.0	2.1	3.1	
02/10/2025	02:01:19	1.10	1.10	26919.5	   	   	5.1	5.1	2.1	3.0	2.1	3.1	
02/10/2025	01:51:19	1.10	1.10	26919.3	   	   	5.1	5.1	2.1	3.0	2.1	3.1	
02/10/2025	01:41:19	1.10	1.10	26919.1	   	   	5.1	5.1	2.1	3.0	2.1	3.1	
02/10/2025	01:31:19	1.10	1.12	26918.9	   	   	5.1	5.2	2.1	3.1	2.1	3.1	
02/10/2025	01:21:19	1.10	1.10	26918.8	   	   	5.1	5.1	2.1	3.0	2.1	3.1	
02/10/2025	01:11:19	1.10	1.10	26918.6	   	   	5.1	5.1	2.1	3.1	2.1	3.1	
02/10/2025	01:01:19	1.10	1.10	26918.4	   	   	5.1	5.1	2.1	3.1	2.1	3.1	
02/10/2025	00:51:19	1.10	1.12	26918.2	   	   	5.1	5.2	2.1	3.1	2.1	3.1	
02/10/2025	00:41:19	1.10	1.12	26918.0	   	   	5.1	5.2	2.1	3.1	2.1	3.1	
02/10/2025	00:31:19	1.12	1.13	26917.9	   	   	5.2	5.2	2.1	3.1	2.1	3.2	
02/10/2025	00:21:19	1.10	1.12	26917.7	   	   	5.1	5.2	2.1	3.1	2.1	3.1	
02/10/2025	00:11:19	1.10	1.12	26917.5	   	   	5.1	5.2	2.1	3.1	2.1	3.1	
02/10/2025	00:01:19	1.10	1.12	26917.3	   	   	5.1	5.2	2.1	3.1	2.1	3.1	
02/09/2025	23:51:19	1.10	1.12	26917.1	   	   	5.1	5.2	2.1	3.1	2.1	3.1	
02/09/2025	23:41:18	1.12	1.12	26916.9	   	   	5.2	5.2	2.1	3.1	2.1	3.2	
02/09/2025	23:31:18	1.12	1.15	26916.8	   	   	5.2	5.3	2.1	3.1	2.2	3.2	
02/09/2025	23:21:18	1.12	1.12	26916.6	   	   	5.2	5.2	2.1	3.1	2.1	3.2	
02/09/2025	23:11:18	1.12	1.15	26916.4	   	   	5.2	5.3	2.1	3.1	2.2	3.2	
02/09/2025	23:01:18	1.12	1.12	26916.2	   	   	5.2	5.2	2.1	3.1	2.1	3.2	
02/09/2025	22:51:18	1.12	1.15	26916.0	   	   	5.2	5.3	2.1	3.2	2.2	3.2	
02/09/2025	22:41:18	1.12	1.15	26915.8	   	   	5.2	5.3	2.1	3.2	2.1	3.2	
02/09/2025	22:31:18	1.12	1.15	26915.6	   	   	5.2	5.3	2.1	3.2	2.2	3.2	
02/09/2025	22:21:18	1.12	1.15	26915.5	   	   	5.2	5.3	2.1	3.2	2.2	3.2	
02/09/2025	22:11:18	1.15	1.17	26915.3	   	   	5.3	5.4	2.2	3.2	2.2	3.2	
02/09/2025	22:01:18	1.12	1.17	26915.1	   	   	5.2	5.4	2.1	3.2	2.2	3.2	
02/09/2025	21:51:18	1.15	1.17	26914.9	   	   	5.3	5.4	2.1	3.2	2.2	3.2	
02/09/2025	21:41:18	1.14	1.17	26914.7	   	   	5.3	5.4	2.2	3.2	2.2	3.3	
02/09/2025	21:31:18	1.14	1.17	26914.5	   	   	5.3	5.4	2.1	3.2	2.2	3.3	
02/09/2025	21:21:18	1.14	1.17	26914.3	   	   	5.3	5.4	2.1	3.2	2.2	3.3	
02/09/2025	21:11:18	1.17	1.17	26914.1	   	   	5.4	5.4	2.2	3.2	2.2	3.3	
02/09/2025	21:01:18	1.15	1.17	26913.9	   	   	5.3	5.4	2.1	3.2	2.2	3.3	
02/09/2025	20:51:18	1.15	1.17	26913.8	   	   	5.3	5.4	2.1	3.2	2.2	3.3	
02/09/2025	20:41:18	1.16	1.17	26913.6	   	   	5.4	5.4	2.2	3.2	2.2	3.3	
02/09/2025	20:31:18	1.14	1.17	26913.4	   	   	5.3	5.4	2.1	3.2	2.2	3.3	
02/09/2025	20:21:18	1.14	1.17	26913.2	   	   	5.3	5.4	2.1	3.2	2.2	3.3	
02/09/2025	20:11:18	1.17	1.17	26913.0	   	   	5.4	5.4	2.2	3.2	2.2	3.3	
02/09/2025	20:01:17	1.16	1.17	26912.8	   	   	5.4	5.4	2.2	3.2	2.2	3.3	
02/09/2025	19:51:17	1.15	1.17	26912.6	   	   	5.3	5.4	2.1	3.2	2.2	3.3	
02/09/2025	19:41:17	1.17	1.17	26912.4	   	   	5.4	5.4	2.2	3.2	2.2	3.3	
02/09/2025	19:31:17	1.14	1.17	26912.2	   	   	5.3	5.4	2.1	3.3	2.2	3.3	
02/09/2025	19:21:17	1.15	1.17	26912.0	   	   	5.3	5.4	2.1	3.2	2.2	3.3	
02/09/2025	19:11:17	1.17	1.17	26911.9	   	   	5.4	5.4	2.2	3.2	2.2	3.3	
02/09/2025	19:01:17	1.15	1.17	26911.7	   	   	5.3	5.4	2.1	3.2	2.2	3.3	
02/09/2025	18:51:17	1.15	1.17	26911.5	   	   	5.3	5.4	2.1	3.2	2.2	3.3	
02/09/2025	18:41:17	1.16	1.17	26911.3	   	   	5.4	5.4	2.2	3.2	2.2	3.3	
02/09/2025	18:31:17	1.14	1.17	26911.1	   	   	5.3	5.4	2.1	3.2	2.2	3.3	
02/09/2025	18:21:17	1.14	1.17	26910.9	   	   	5.3	5.4	2.1	3.2	2.2	3.3	
02/09/2025	18:11:17	1.15	1.17	26910.7	   	   	5.3	5.4	2.2	3.2	2.2	3.2	
02/09/2025	18:01:17	1.15	1.17	26910.5	   	   	5.3	5.4	2.1	3.2	2.2	3.3	
02/09/2025	17:51:17	1.15	1.17	26910.3	   	   	5.3	5.4	2.1	3.2	2.2	3.3	
02/09/2025	17:41:17	1.15	1.17	26910.2	   	   	5.3	5.4	2.2	3.2	2.2	3.3	
02/09/2025	17:31:17	1.15	1.17	26910.0	   	   	5.3	5.4	2.1	3.2	2.2	3.3	
02/09/2025	17:21:17	1.15	1.15	26909.8	   	   	5.3	5.3	2.1	3.2	2.2	3.2	
02/09/2025	17:11:17	1.14	1.17	26909.6	   	   	5.3	5.4	2.2	3.2	2.2	3.2	
02/09/2025	17:01:17	1.15	1.17	26909.4	   	   	5.3	5.4	2.1	3.2	2.2	3.2	
02/09/2025	16:51:17	1.15	1.17	26909.2	   	   	5.3	5.4	2.2	3.2	2.2	3.2	
02/09/2025	16:41:17	1.12	1.17	26909.0	   	   	5.2	5.4	2.1	3.2	2.2	3.2	
02/09/2025	16:31:17	1.15	1.17	26908.8	   	   	5.3	5.4	2.1	3.2	2.2	3.2	
02/09/2025	16:21:16	1.15	1.17	26908.7	   	   	5.3	5.4	2.2	3.2	2.2	3.2	
02/09/2025	16:11:16	1.12	1.17	26908.5	   	   	5.2	5.4	2.1	3.2	2.2	3.2	
02/09/2025	16:01:16	1.12	1.15	26908.3	   	   	5.2	5.3	2.1	3.2	2.2	3.2	
02/09/2025	15:51:16	1.15	1.17	26908.1	   	   	5.3	5.4	2.2	3.2	2.2	3.2	
02/09/2025	15:41:16	1.12	1.17	26907.9	   	   	5.2	5.4	2.1	3.2	2.2	3.2	
02/09/2025	15:31:16	1.12	1.15	26907.7	   	   	5.2	5.3	2.1	3.2	2.1	3.2	
02/09/2025	15:21:16	1.12	1.17	26907.5	   	   	5.2	5.4	2.1	3.2	2.2	3.2	
02/09/2025	15:11:16	1.12	1.15	26907.3	   	   	5.2	5.3	2.1	3.2	2.2	3.3	
02/09/2025	15:01:16	1.14	1.17	26907.2	   	   	5.3	5.4	2.2	3.2	2.2	3.2	
02/09/2025	14:51:16	1.12	1.15	26907.0	   	   	5.2	5.3	2.1	3.2	2.2	3.2	
02/09/2025	14:41:16	1.15	1.17	26906.8	   	   	5.3	5.4	2.2	3.2	2.2	3.2	
02/09/2025	14:31:16	1.15	1.15	26906.6	   	   	5.3	5.3	2.1	3.2	2.1	3.2	
02/09/2025	14:21:16	1.12	1.15	26906.4	   	   	5.2	5.3	2.1	3.2	2.1	3.2	
02/09/2025	14:11:16	1.12	1.15	26906.2	   	   	5.2	5.3	2.1	3.2	2.1	3.2	
02/09/2025	14:01:16	1.12	1.15	26906.0	   	   	5.2	5.3	2.1	3.2	2.1	3.2	
02/09/2025	13:51:16	1.12	1.15	26905.8	   	   	5.2	5.3	2.1	3.2	2.1	3.2	
02/09/2025	13:41:16	1.12	1.15	26905.7	   	   	5.2	5.3	2.1	3.2	2.1	3.2	
02/09/2025	13:31:16	1.14	1.15	26905.5	   	   	5.3	5.3	2.1	3.2	2.1	3.2	
02/09/2025	13:21:16	1.12	1.15	26905.3	   	   	5.2	5.3	2.1	3.2	2.1	3.2	
02/09/2025	13:11:16	1.15	1.15	26905.1	   	   	5.3	5.3	2.1	3.2	2.1	3.2	
02/09/2025	13:01:16	1.14	1.15	26904.9	   	   	5.3	5.3	2.1	3.2	2.1	3.2	
02/09/2025	12:51:16	1.12	1.15	26904.7	   	   	5.2	5.3	2.1	3.2	2.1	3.2	
02/09/2025	12:41:15	1.12	1.15	26904.5	   	   	5.2	5.3	2.1	3.2	2.1	3.3	
02/09/2025	12:31:15	1.15	1.15	26904.3	   	   	5.3	5.3	2.1	3.2	2.1	3.3	
02/09/2025	12:21:15	1.12	1.15	26904.2	   	   	5.2	5.3	2.1	3.2	2.1	3.2	
02/09/2025	12:11:15	1.12	1.15	26904.0	   	   	5.2	5.3	2.1	3.2	2.1	3.2	
02/09/2025	12:01:15	1.12	1.15	26903.8	   	   	5.2	5.3	2.1	3.2	2.1	3.2	
02/09/2025	11:51:15	1.12	1.15	26903.6	   	   	5.2	5.3	2.1	3.2	2.1	3.2	
02/09/2025	11:41:15	1.12	1.15	26903.4	   	   	5.2	5.3	2.1	3.2	2.1	3.2	
02/09/2025	11:31:15	1.12	1.15	26903.2	   	   	5.2	5.3	2.1	3.2	2.1	3.2	
02/09/2025	11:21:15	1.12	1.15	26903.0	   	   	5.2	5.3	2.1	3.2	2.1	3.2	
02/09/2025	11:11:15	1.12	1.15	26902.9	   	   	5.2	5.3	2.1	3.2	2.1	3.2	
02/09/2025	11:01:15	1.12	1.15	26902.7	   	   	5.2	5.3	2.1	3.2	2.1	3.2	
02/09/2025	10:51:15	1.12	1.15	26902.5	   	   	5.2	5.3	2.1	3.2	2.1	3.2	
02/09/2025	10:41:15	1.12	1.15	26902.3	   	   	5.2	5.3	2.1	3.2	2.1	3.2	
02/09/2025	10:31:15	1.12	1.15	26902.1	   	   	5.2	5.3	2.1	3.2	2.1	3.3	
02/09/2025	10:21:15	1.12	1.26	26901.9	   	   	5.2	5.8	2.1	3.2	2.1	3.7	
02/09/2025	10:11:15	1.12	1.15	26901.7	   	   	5.2	5.3	2.1	3.2	2.1	3.2	
02/09/2025	10:01:15	1.12	1.12	26901.5	   	   	5.2	5.2	2.1	3.2	2.1	3.2	
02/09/2025	09:51:15	1.12	1.14	26901.4	   	   	5.2	5.3	2.1	3.2	2.1	3.2	
02/09/2025	09:41:15	1.12	1.15	26901.2	   	   	5.2	5.3	2.1	3.2	2.1	3.2	
02/09/2025	09:31:15	1.12	1.15	26901.0	   	   	5.2	5.3	2.1	3.2	2.1	3.2	
02/09/2025	09:21:15	1.12	1.12	26900.8	   	   	5.2	5.2	2.1	3.2	2.1	3.2	
02/09/2025	09:11:15	1.12	1.12	26900.6	   	   	5.2	5.2	2.1	3.2	2.1	3.2	
02/09/2025	09:01:15	1.12	1.15	26900.4	   	   	5.2	5.3	2.1	3.2	2.1	3.2	
02/09/2025	08:51:14	1.12	1.12	26900.2	   	   	5.2	5.2	2.1	3.2	2.1	3.2	
02/09/2025	08:41:14	1.12	1.12	26900.1	   	   	5.2	5.2	2.1	3.2	2.1	3.2	
02/09/2025	08:31:14	1.12	1.12	26899.9	   	   	5.2	5.2	2.1	3.2	2.1	3.2	
02/09/2025	08:21:14	1.12	1.12	26899.7	   	   	5.2	5.2	2.1	3.1	2.1	3.2	
02/09/2025	08:11:14	1.12	1.12	26899.5	   	   	5.2	5.2	2.1	3.1	2.1	3.2	
02/09/2025	08:01:14	1.12	1.12	26899.3	   	   	5.2	5.2	2.1	3.1	2.1	3.2	
02/09/2025	07:51:14	1.12	1.12	26899.1	   	   	5.2	5.2	2.1	3.1	2.1	3.2	
02/09/2025	07:41:14	1.12	1.12	26899.0	   	   	5.2	5.2	2.1	3.1	2.1	3.2	
02/09/2025	07:31:14	1.12	1.12	26898.8	   	   	5.2	5.2	2.1	3.1	2.1	3.2	
02/09/2025	07:21:14	1.10	1.12	26898.6	   	   	5.1	5.2	2.1	3.1	2.1	3.1	
02/09/2025	07:11:14	1.10	1.12	26898.4	   	   	5.1	5.2	2.1	3.1	2.1	3.1	
02/09/2025	07:01:14	1.10	1.12	26898.2	   	   	5.1	5.2	2.1	3.1	2.1	3.1	
02/09/2025	06:51:14	1.10	1.12	26898.0	   	   	5.1	5.2	2.1	3.1	2.1	3.1	
02/09/2025	06:41:14	1.10	1.12	26897.9	   	   	5.1	5.2	2.1	3.1	2.1	3.1	
02/09/2025	06:31:14	1.10	1.12	26897.7	   	   	5.1	5.2	2.1	3.1	2.1	3.1	
02/09/2025	06:21:14	1.10	1.10	26897.5	   	   	5.1	5.1	2.1	3.1	2.1	3.1	
02/09/2025	06:11:14	1.10	1.10	26897.3	   	   	5.1	5.1	2.1	3.1	2.1	3.1	
02/09/2025	06:01:14	1.10	1.10	26897.1	   	   	5.1	5.1	2.1	3.1	2.1	3.1	
02/09/2025	05:51:14	1.10	1.10	26896.9	   	   	5.1	5.1	2.1	3.0	2.1	3.1	
02/09/2025	05:41:14	1.10	1.10	26896.8	   	   	5.1	5.1	2.1	3.0	2.1	3.1	
02/09/2025	05:31:14	1.10	1.12	26896.6	   	   	5.1	5.2	2.1	3.0	2.1	3.1	
02/09/2025	05:21:13	1.10	1.10	26896.4	   	   	5.1	5.1	2.1	3.0	2.1	3.1	
02/09/2025	05:11:13	1.10	1.10	26896.2	   	   	5.1	5.1	2.1	3.0	2.1	3.1	
02/09/2025	05:01:13	1.10	1.10	26896.0	   	   	5.1	5.1	2.1	3.0	2.1	3.1	
02/09/2025	04:51:13	1.10	1.10	26895.9	   	   	5.1	5.1	2.1	3.0	2.1	3.1	
02/09/2025	04:41:13	1.10	1.10	26895.7	   	   	5.1	5.1	2.1	3.0	2.1	3.1	
02/09/2025	04:31:13	1.10	1.10	26895.5	   	   	5.1	5.1	2.1	3.0	2.1	3.1	
02/09/2025	04:21:13	1.07	1.10	26895.3	   	   	5.0	5.1	2.1	3.0	2.1	3.1	
02/09/2025	04:11:13	1.10	1.10	26895.1	   	   	5.1	5.1	2.1	3.0	2.1	3.1	
02/09/2025	04:01:13	1.10	1.10	26895.0	   	   	5.1	5.1	2.1	3.0	2.1	3.1	
02/09/2025	03:51:13	1.10	1.10	26894.8	   	   	5.1	5.1	2.1	3.0	2.1	3.1	
02/09/2025	03:41:13	1.10	1.10	26894.6	   	   	5.1	5.1	2.1	3.0	2.1	3.1	
02/09/2025	03:31:13	1.10	1.10	26894.4	   	   	5.1	5.1	2.1	3.0	2.1	3.1	
02/09/2025	03:21:13	1.10	1.10	26894.2	   	   	5.1	5.1	2.1	3.0	2.1	3.1	
02/09/2025	03:11:13	1.10	1.10	26894.1	   	   	5.1	5.1	2.1	3.0	2.1	3.1	
02/09/2025	03:01:13	1.10	1.10	26893.9	   	   	5.1	5.1	2.1	3.0	2.1	3.1	
02/09/2025	02:51:13	1.10	1.10	26893.7	   	   	5.1	5.1	2.1	3.0	2.1	3.1	
02/09/2025	02:41:13	1.10	1.10	26893.5	   	   	5.1	5.1	2.1	3.0	2.1	3.1	
02/09/2025	02:31:13	1.10	1.10	26893.3	   	   	5.1	5.1	2.1	3.0	2.1	3.1	
02/09/2025	02:21:13	1.10	1.10	26893.2	   	   	5.1	5.1	2.1	3.0	2.1	3.1	
02/09/2025	02:11:13	1.10	1.10	26893.0	   	   	5.1	5.1	2.1	3.0	2.1	3.1	
02/09/2025	02:01:13	1.10	1.10	26892.8	   	   	5.1	5.1	2.1	3.0	2.1	3.1	
02/09/2025	01:51:13	1.10	1.10	26892.6	   	   	5.1	5.1	2.1	3.0	2.1	3.1	
02/09/2025	01:41:12	1.10	1.10	26892.4	   	   	5.1	5.1	2.1	3.0	2.1	3.1	
02/09/2025	01:31:12	1.10	1.12	26892.3	   	   	5.1	5.2	2.1	3.1	2.1	3.1	
02/09/2025	01:21:12	1.10	1.10	26892.1	   	   	5.1	5.1	2.1	3.1	2.1	3.1	
02/09/2025	01:11:12	1.10	1.10	26891.9	   	   	5.1	5.1	2.1	3.1	2.1	3.1	
02/09/2025	01:01:12	1.10	1.12	26891.7	   	   	5.1	5.2	2.1	3.1	2.1	3.1	
02/09/2025	00:51:12	1.10	1.12	26891.5	   	   	5.1	5.2	2.1	3.1	2.1	3.1	
02/09/2025	00:41:12	1.10	1.12	26891.3	   	   	5.1	5.2	2.1	3.1	2.1	3.1	
02/09/2025	00:31:12	1.12	1.15	26891.2	   	   	5.2	5.3	2.1	3.1	2.1	3.2	
02/09/2025	00:21:12	1.10	1.12	26891.0	   	   	5.1	5.2	2.1	3.1	2.1	3.1	
02/09/2025	00:11:12	1.10	1.12	26890.8	   	   	5.1	5.2	2.1	3.1	2.1	3.1	
02/09/2025	00:01:12	1.12	1.12	26890.6	   	   	5.2	5.2	2.1	3.1	2.1	3.2	
02/08/2025	23:51:12	1.12	1.12	26890.4	   	   	5.2	5.2	2.1	3.1	2.1	3.1	
02/08/2025	23:41:12	1.12	1.12	26890.2	   	   	5.2	5.2	2.1	3.1	2.1	3.2	
02/08/2025	23:31:12	1.12	1.12	26890.1	   	   	5.2	5.2	2.1	3.1	2.1	3.2	
02/08/2025	23:21:12	1.12	1.15	26889.9	   	   	5.2	5.3	2.1	3.1	2.2	3.2	
02/08/2025	23:11:12	1.15	1.15	26889.7	   	   	5.3	5.3	2.2	3.1	2.2	3.2	
02/08/2025	23:01:12	1.12	1.14	26889.5	   	   	5.2	5.3	2.1	3.1	2.1	3.2	
02/08/2025	22:51:12	1.12	1.15	26889.3	   	   	5.2	5.3	2.1	3.2	2.1	3.2	
02/08/2025	22:41:12	1.12	1.15	26889.1	   	   	5.2	5.3	2.1	3.2	2.1	3.2	
02/08/2025	22:31:12	1.12	1.17	26888.9	   	   	5.2	5.4	2.1	3.2	2.2	3.2	
02/08/2025	22:21:12	1.12	1.15	26888.8	   	   	5.2	5.3	2.1	3.2	2.1	3.2	
02/08/2025	22:11:12	1.12	1.15	26888.6	   	   	5.2	5.3	2.1	3.2	2.1	3.2	
02/08/2025	22:01:11	1.12	1.15	26888.4	   	   	5.2	5.3	2.1	3.2	2.1	3.2	
02/08/2025	21:51:11	1.15	1.17	26888.2	   	   	5.3	5.4	2.1	3.2	2.2	3.2	
02/08/2025	21:41:11	1.15	1.15	26888.0	   	   	5.3	5.3	2.1	3.2	2.1	3.2	
02/08/2025	21:31:11	1.14	1.17	26887.8	   	   	5.3	5.4	2.1	3.2	2.2	3.3	
02/08/2025	21:21:11	1.14	1.17	26887.6	   	   	5.3	5.4	2.1	3.2	2.2	3.3	
02/08/2025	21:11:11	1.16	1.17	26887.4	   	   	5.4	5.4	2.2	3.2	2.2	3.3	
02/08/2025	21:01:11	1.14	1.17	26887.3	   	   	5.3	5.4	2.1	3.2	2.2	3.3	
02/08/2025	20:51:11	1.17	1.17	26887.1	   	   	5.4	5.4	2.2	3.2	2.2	3.3	
02/08/2025	20:41:11	1.14	1.17	26886.9	   	   	5.3	5.4	2.1	3.2	2.2	3.3	
02/08/2025	20:31:11	1.14	1.17	26886.7	   	   	5.3	5.4	2.1	3.2	2.2	3.3	
02/08/2025	20:21:11	1.17	1.17	26886.5	   	   	5.4	5.4	2.2	3.2	2.2	3.3	
02/08/2025	20:11:11	1.14	1.17	26886.3	   	   	5.3	5.4	2.1	3.2	2.2	3.3	
02/08/2025	20:01:11	1.16	1.16	26886.1	   	   	5.4	5.4	2.2	3.2	2.2	3.3	
02/08/2025	19:51:11	1.14	1.17	26885.9	   	   	5.3	5.4	2.1	3.2	2.2	3.3	
02/08/2025	19:41:11	1.15	1.17	26885.7	   	   	5.3	5.4	2.1	3.2	2.2	3.3	
02/08/2025	19:31:11	1.17	1.17	26885.6	   	   	5.4	5.4	2.2	3.3	2.2	3.3	
02/08/2025	19:21:11	1.15	1.17	26885.4	   	   	5.3	5.4	2.1	3.3	2.2	3.3	
02/08/2025	19:11:11	1.15	1.15	26885.2	   	   	5.3	5.3	2.1	3.2	2.1	3.3	
02/08/2025	19:01:11	1.15	1.17	26885.0	   	   	5.3	5.4	2.1	3.2	2.2	3.2	
02/08/2025	18:51:11	1.15	1.17	26884.8	   	   	5.3	5.4	2.1	3.2	2.2	3.3	
02/08/2025	18:41:11	1.17	1.17	26884.6	   	   	5.4	5.4	2.2	3.2	2.2	3.3	
02/08/2025	18:31:11	1.14	1.17	26884.4	   	   	5.3	5.4	2.1	3.2	2.2	3.2	
02/08/2025	18:21:10	1.15	1.17	26884.2	   	   	5.3	5.4	2.1	3.2	2.2	3.2	
02/08/2025	18:11:10	1.15	1.17	26884.0	   	   	5.3	5.4	2.2	3.2	2.2	3.2	
02/08/2025	18:01:10	1.15	1.17	26883.9	   	   	5.3	5.4	2.1	3.2	2.2	3.2	
02/08/2025	17:51:10	1.15	1.17	26883.7	   	   	5.3	5.4	2.2	3.2	2.2	3.2	
02/08/2025	17:41:10	1.15	1.17	26883.5	   	   	5.3	5.4	2.1	3.2	2.2	3.2	
02/08/2025	17:31:10	1.15	1.15	26883.3	   	   	5.3	5.3	2.1	3.2	2.2	3.2	
02/08/2025	17:21:10	1.15	1.17	26883.1	   	   	5.3	5.4	2.2	3.2	2.2	3.2	
02/08/2025	17:11:10	1.12	1.17	26882.9	   	   	5.2	5.4	2.1	3.2	2.2	3.2	
02/08/2025	17:01:10	1.12	1.15	26882.7	   	   	5.2	5.3	2.1	3.2	2.1	3.2	
02/08/2025	16:51:10	1.12	1.17	26882.5	   	   	5.2	5.4	2.1	3.2	2.2	3.2	
02/08/2025	16:41:10	1.12	1.17	26882.3	   	   	5.2	5.4	2.1	3.2	2.2	3.3	
02/08/2025	16:31:10	1.14	1.17	26882.2	   	   	5.3	5.4	2.2	3.2	2.2	3.2	
02/08/2025	16:21:10	1.12	1.15	26882.0	   	   	5.2	5.3	2.1	3.2	2.2	3.2	
02/08/2025	16:11:10	1.12	1.15	26881.8	   	   	5.2	5.3	2.1	3.2	2.2	3.2	
02/08/2025	16:01:10	1.14	1.17	26881.6	   	   	5.3	5.4	2.2	3.2	2.2	3.2	
02/08/2025	15:51:10	1.12	1.15	26881.4	   	   	5.2	5.3	2.1	3.2	2.2	3.2	
02/08/2025	15:41:10	1.15	1.17	26881.2	   	   	5.3	5.4	2.2	3.2	2.2	3.2	
02/08/2025	15:31:10	1.15	1.15	26881.0	   	   	5.3	5.3	2.1	3.2	2.2	3.2	
02/08/2025	15:21:10	1.12	1.15	26880.8	   	   	5.2	5.3	2.1	3.2	2.2	3.2	
02/08/2025	15:11:10	1.14	1.17	26880.7	   	   	5.3	5.4	2.2	3.2	2.2	3.2	
02/08/2025	15:01:10	1.12	1.15	26880.5	   	   	5.2	5.3	2.1	3.2	2.1	3.2	
02/08/2025	14:51:10	1.12	1.17	26880.3	   	   	5.2	5.4	2.1	3.2	2.2	3.2	
02/08/2025	14:41:09	1.15	1.15	26880.1	   	   	5.3	5.3	2.1	3.2	2.1	3.2	
02/08/2025	14:31:09	1.12	1.17	26879.9	   	   	5.2	5.4	2.1	3.2	2.2	3.2	
02/08/2025	14:21:09	1.12	1.15	26879.7	   	   	5.2	5.3	2.1	3.2	2.1	3.2	
02/08/2025	14:11:09	1.12	1.17	26879.5	   	   	5.2	5.4	2.1	3.2	2.2	3.2	
02/08/2025	14:01:09	1.12	1.15	26879.3	   	   	5.2	5.3	2.1	3.2	2.1	3.2	
02/08/2025	13:51:09	1.12	1.15	26879.2	   	   	5.2	5.3	2.1	3.2	2.1	3.2	
02/08/2025	13:41:09	1.12	1.17	26879.0	   	   	5.2	5.4	2.1	3.2	2.2	3.2	
02/08/2025	13:31:09	1.15	1.15	26878.8	   	   	5.3	5.3	2.1	3.2	2.1	3.3	
02/08/2025	13:21:09	1.12	1.15	26878.6	   	   	5.2	5.3	2.1	3.2	2.1	3.2	
02/08/2025	13:11:09	1.15	1.15	26878.4	   	   	5.3	5.3	2.1	3.2	2.1	3.2	
02/08/2025	13:01:09	1.12	1.15	26878.2	   	   	5.2	5.3	2.1	3.2	2.2	3.2	
02/08/2025	12:51:09	1.14	1.17	26878.0	   	   	5.3	5.4	2.2	3.2	2.2	3.2	
02/08/2025	12:41:09	1.14	1.15	26877.8	   	   	5.3	5.3	2.1	3.2	2.1	3.2	
02/08/2025	12:31:09	1.15	1.15	26877.7	   	   	5.3	5.3	2.1	3.2	2.1	3.2	
02/08/2025	12:21:09	1.12	1.15	26877.5	   	   	5.2	5.3	2.1	3.2	2.1	3.2	
02/08/2025	12:11:09	1.15	1.15	26877.3	   	   	5.3	5.3	2.1	3.2	2.1	3.2	
02/08/2025	12:01:09	1.12	1.15	26877.1	   	   	5.2	5.3	2.1	3.2	2.1	3.2	
02/08/2025	11:51:09	1.12	1.15	26876.9	   	   	5.2	5.3	2.1	3.2	2.1	3.2	
02/08/2025	11:41:09	1.12	1.15	26876.7	   	   	5.2	5.3	2.1	3.2	2.1	3.2	
02/08/2025	11:31:09	1.15	1.15	26876.5	   	   	5.3	5.3	2.1	3.2	2.1	3.2	
02/08/2025	11:21:09	1.12	1.15	26876.3	   	   	5.2	5.3	2.1	3.2	2.1	3.2	
02/08/2025	11:11:08	1.12	1.15	26876.2	   	   	5.2	5.3	2.1	3.2	2.1	3.2	
02/08/2025	11:01:08	1.12	1.15	26876.0	   	   	5.2	5.3	2.1	3.2	2.1	3.2	
02/08/2025	10:51:08	1.12	1.15	26875.8	   	   	5.2	5.3	2.1	3.2	2.1	3.2	
02/08/2025	10:41:08	1.12	1.15	26875.6	   	   	5.2	5.3	2.1	3.2	2.1	3.2	
02/08/2025	10:31:08	1.12	1.15	26875.4	   	   	5.2	5.3	2.1	3.2	2.1	3.2	
02/08/2025	10:21:08	1.12	1.15	26875.2	   	   	5.2	5.3	2.1	3.2	2.1	3.2	
02/08/2025	10:11:08	1.12	1.12	26875.0	   	   	5.2	5.2	2.1	3.2	2.1	3.2	
02/08/2025	10:01:08	1.12	1.12	26874.9	   	   	5.2	5.2	2.1	3.2	2.1	3.2	
02/08/2025	09:51:08	1.12	1.12	26874.7	   	   	5.2	5.2	2.1	3.2	2.1	3.2	
02/08/2025	09:41:08	1.12	1.12	26874.5	   	   	5.2	5.2	2.1	3.2	2.1	3.2	
02/08/2025	09:31:08	1.12	1.15	26874.3	   	   	5.2	5.3	2.1	3.2	2.1	3.2	
02/08/2025	09:21:08	1.12	1.12	26874.1	   	   	5.2	5.2	2.1	3.1	2.1	3.2	
02/08/2025	09:11:08	1.12	1.12	26873.9	   	   	5.2	5.2	2.1	3.1	2.1	3.2	
02/08/2025	09:01:08	1.12	1.12	26873.7	   	   	5.2	5.2	2.1	3.1	2.1	3.2	
02/08/2025	08:51:08	1.12	1.12	26873.6	   	   	5.2	5.2	2.1	3.1	2.1	3.2	
02/08/2025	08:41:08	1.12	1.12	26873.4	   	   	5.2	5.2	2.1	3.1	2.1	3.2	
02/08/2025	08:31:08	1.12	1.12	26873.2	   	   	5.2	5.2	2.1	3.1	2.1	3.2	
02/08/2025	08:21:08	1.12	1.12	26873.0	   	   	5.2	5.2	2.1	3.1	2.1	3.2	
02/08/2025	08:11:08	1.12	1.12	26872.8	   	   	5.2	5.2	2.1	3.1	2.1	3.2	
02/08/2025	08:01:08	1.12	1.12	26872.6	   	   	5.2	5.2	2.1	3.1	2.1	3.2	
02/08/2025	07:51:08	1.12	1.12	26872.5	   	   	5.2	5.2	2.1	3.1	2.1	3.1	
02/08/2025	07:41:08	1.12	1.12	26872.3	   	   	5.2	5.2	2.1	3.1	2.1	3.1	
02/08/2025	07:31:07	1.12	1.12	26872.1	   	   	5.2	5.2	2.1	3.1	2.1	3.2	
02/08/2025	07:21:07	1.10	1.12	26871.9	   	   	5.1	5.2	2.1	3.1	2.1	3.1	
02/08/2025	07:11:07	1.10	1.12	26871.7	   	   	5.1	5.2	2.1	3.1	2.1	3.1	
02/08/2025	07:01:07	1.10	1.12	26871.5	   	   	5.1	5.2	2.1	3.1	2.1	3.1	
02/08/2025	06:51:07	1.10	1.12	26871.4	   	   	5.1	5.2	2.1	3.1	2.1	3.1	
02/08/2025	06:41:07	1.10	1.12	26871.2	   	   	5.1	5.2	2.1	3.1	2.1	3.1	
02/08/2025	06:31:07	1.10	1.12	26871.0	   	   	5.1	5.2	2.1	3.1	2.1	3.1	
02/08/2025	06:21:07	1.10	1.10	26870.8	   	   	5.1	5.1	2.1	3.1	2.1	3.1	
02/08/2025	06:11:07	1.10	1.10	26870.6	   	   	5.1	5.1	2.1	3.1	2.1	3.1	
02/08/2025	06:01:07	1.10	1.10	26870.5	   	   	5.1	5.1	2.1	3.0	2.1	3.1	
02/08/2025	05:51:07	1.10	1.10	26870.3	   	   	5.1	5.1	2.1	3.0	2.1	3.1	
02/08/2025	05:41:07	1.10	1.10	26870.1	   	   	5.1	5.1	2.1	3.0	2.1	3.1	
02/08/2025	05:31:07	1.10	1.10	26869.9	   	   	5.1	5.1	2.1	3.0	2.1	3.1	
02/08/2025	05:21:07	1.10	1.10	26869.7	   	   	5.1	5.1	2.1	3.0	2.1	3.1	
02/08/2025	05:11:07	1.10	1.10	26869.5	   	   	5.1	5.1	2.1	3.0	2.1	3.1	
02/08/2025	05:01:07	1.10	1.10	26869.4	   	   	5.1	5.1	2.1	3.0	2.1	3.1	
02/08/2025	04:51:07	1.10	1.10	26869.2	   	   	5.1	5.1	2.1	3.0	2.1	3.1	
02/08/2025	04:41:07	1.10	1.10	26869.0	   	   	5.1	5.1	2.1	3.0	2.1	3.1	
02/08/2025	04:31:07	1.10	1.10	26868.8	   	   	5.1	5.1	2.1	3.0	2.1	3.1	
02/08/2025	04:21:07	1.10	1.10	26868.6	   	   	5.1	5.1	2.1	3.0	2.1	3.1	
02/08/2025	04:11:07	1.08	1.10	26868.5	   	   	5.0	5.1	2.1	3.0	2.1	3.1	
02/08/2025	04:01:07	1.10	1.10	26868.3	   	   	5.1	5.1	2.1	3.0	2.1	3.1	
02/08/2025	03:51:06	1.10	1.10	26868.1	   	   	5.1	5.1	2.1	3.0	2.1	3.1	
02/08/2025	03:41:06	1.10	1.10	26867.9	   	   	5.1	5.1	2.1	3.0	2.1	3.1	
02/08/2025	03:31:06	1.10	1.10	26867.7	   	   	5.1	5.1	2.1	3.0	2.1	3.1	
02/08/2025	03:21:06	1.10	1.10	26867.6	   	   	5.1	5.1	2.1	3.0	2.1	3.1	
02/08/2025	03:11:06	1.10	1.10	26867.4	   	   	5.1	5.1	2.1	3.0	2.1	3.1	
02/08/2025	03:01:06	1.10	1.10	26867.2	   	   	5.1	5.1	2.1	3.0	2.1	3.1	
02/08/2025	02:51:06	1.10	1.10	26867.0	   	   	5.1	5.1	2.1	3.0	2.1	3.1	
02/08/2025	02:41:06	1.10	1.10	26866.8	   	   	5.1	5.1	2.1	3.0	2.1	3.1	
02/08/2025	02:31:06	1.10	1.10	26866.7	   	   	5.1	5.1	2.1	3.0	2.1	3.1	
02/08/2025	02:21:06	1.10	1.10	26866.5	   	   	5.1	5.1	2.1	3.0	2.1	3.1	
02/08/2025	02:11:06	1.10	1.10	26866.3	   	   	5.1	5.1	2.1	3.0	2.1	3.1	
02/08/2025	02:01:06	1.10	1.10	26866.1	   	   	5.1	5.1	2.1	3.0	2.1	3.1	
02/08/2025	01:51:06	1.10	1.10	26865.9	   	   	5.1	5.1	2.1	3.0	2.1	3.1	
02/08/2025	01:41:06	1.10	1.10	26865.8	   	   	5.1	5.1	2.1	3.0	2.1	3.1	
02/08/2025	01:31:06	1.10	1.12	26865.6	   	   	5.1	5.2	2.1	3.1	2.1	3.1	
02/08/2025	01:21:06	1.10	1.10	26865.4	   	   	5.1	5.1	2.1	3.1	2.1	3.1	
02/08/2025	01:11:06	1.10	1.12	26865.2	   	   	5.1	5.2	2.1	3.1	2.1	3.1	
02/08/2025	01:01:06	1.10	1.12	26865.0	   	   	5.1	5.2	2.1	3.1	2.1	3.1	
02/08/2025	00:51:06	1.10	1.12	26864.8	   	   	5.1	5.2	2.1	3.1	2.1	3.1	
02/08/2025	00:41:06	1.10	1.12	26864.7	   	   	5.1	5.2	2.1	3.1	2.1	3.1	
02/08/2025	00:31:06	1.12	1.12	26864.5	   	   	5.2	5.2	2.1	3.1	2.1	3.2	
02/08/2025	00:21:05	1.12	1.12	26864.3	   	   	5.2	5.2	2.1	3.1	2.1	3.1	
02/08/2025	00:11:05	1.12	1.12	26864.1	   	   	5.2	5.2	2.1	3.1	2.1	3.1	
02/08/2025	00:01:05	1.12	1.12	26863.9	   	   	5.2	5.2	2.1	3.1	2.1	3.1	
02/07/2025	23:51:05	1.12	1.12	26863.7	   	   	5.2	5.2	2.1	3.1	2.1	3.2	
02/07/2025	23:41:05	1.12	1.12	26863.6	   	   	5.2	5.2	2.1	3.1	2.1	3.2	
02/07/2025	23:31:05	1.12	1.14	26863.4	   	   	5.2	5.3	2.1	3.1	2.1	3.2	
02/07/2025	23:21:05	1.12	1.12	26863.2	   	   	5.2	5.2	2.1	3.1	2.1	3.2	
02/07/2025	23:11:05	1.12	1.12	26863.0	   	   	5.2	5.2	2.1	3.1	2.1	3.2	
02/07/2025	23:01:05	1.12	1.14	26862.8	   	   	5.2	5.3	2.1	3.2	2.1	3.2	
02/07/2025	22:51:05	1.12	1.15	26862.6	   	   	5.2	5.3	2.1	3.2	2.1	3.2	
02/07/2025	22:41:05	1.12	1.15	26862.5	   	   	5.2	5.3	2.1	3.2	2.1	3.2	
02/07/2025	22:31:05	1.12	1.15	26862.3	   	   	5.2	5.3	2.1	3.2	2.1	3.2	
02/07/2025	22:21:05	1.12	1.15	26862.1	   	   	5.2	5.3	2.1	3.2	2.1	3.2	
02/07/2025	22:11:05	1.15	1.15	26861.9	   	   	5.3	5.3	2.1	3.2	2.1	3.2	
02/07/2025	22:01:05	1.15	1.15	26861.7	   	   	5.3	5.3	2.1	3.2	2.1	3.2	
02/07/2025	21:51:05	1.15	1.15	26861.5	   	   	5.3	5.3	2.1	3.2	2.1	3.2	
02/07/2025	21:41:05	1.14	1.15	26861.3	   	   	5.3	5.3	2.1	3.2	2.1	3.3	
02/07/2025	21:31:05	1.15	1.15	26861.1	   	   	5.3	5.3	2.1	3.2	2.1	3.3	
02/07/2025	21:21:05	1.15	1.15	26861.0	   	   	5.3	5.3	2.1	3.2	2.1	3.2	
02/07/2025	21:11:05	1.15	1.15	26860.8	   	   	5.3	5.3	2.1	3.2	2.1	3.3	
02/07/2025	21:01:05	1.14	1.15	26860.6	   	   	5.3	5.3	2.1	3.2	2.1	3.3	
02/07/2025	20:51:05	1.15	1.15	26860.4	   	   	5.3	5.3	2.1	3.2	2.1	3.3	
02/07/2025	20:41:05	1.14	1.15	26860.2	   	   	5.3	5.3	2.1	3.2	2.1	3.3	
02/07/2025	20:31:04	1.14	1.15	26860.0	   	   	5.3	5.3	2.1	3.2	2.1	3.3	
02/07/2025	20:21:04	1.15	1.15	26859.8	   	   	5.3	5.3	2.1	3.2	2.1	3.3	
02/07/2025	20:11:04	1.15	1.15	26859.6	   	   	5.3	5.3	2.1	3.2	2.1	3.3	
02/07/2025	20:01:04	1.15	1.15	26859.4	   	   	5.3	5.3	2.1	3.2	2.1	3.3	
02/07/2025	19:51:04	1.15	1.15	26859.3	   	   	5.3	5.3	2.1	3.2	2.1	3.3	
02/07/2025	19:41:04	1.14	1.15	26859.1	   	   	5.3	5.3	2.1	3.2	2.1	3.3	
02/07/2025	19:31:04	1.15	1.15	26858.9	   	   	5.3	5.3	2.1	3.2	2.1	3.3	
02/07/2025	19:21:04	1.15	1.15	26858.7	   	   	5.3	5.3	2.1	3.2	2.1	3.3	
02/07/2025	19:11:04	1.15	1.15	26858.5	   	   	5.3	5.3	2.1	3.2	2.1	3.2	
02/07/2025	19:01:04	1.15	1.17	26858.3	   	   	5.3	5.4	2.1	3.2	2.2	3.3	
02/07/2025	18:51:04	1.17	1.17	26858.1	   	   	5.4	5.4	2.2	3.2	2.2	3.3	
02/07/2025	18:41:04	1.15	1.17	26857.9	   	   	5.3	5.4	2.1	3.2	2.2	3.3	
02/07/2025	18:31:04	1.17	1.17	26857.7	   	   	5.4	5.4	2.2	3.2	2.2	3.3	
02/07/2025	18:21:04	1.15	1.17	26857.6	   	   	5.3	5.4	2.1	3.2	2.2	3.2	
02/07/2025	18:11:04	1.14	1.17	26857.4	   	   	5.3	5.4	2.1	3.2	2.2	3.2	
02/07/2025	18:01:04	1.17	1.17	26857.2	   	   	5.4	5.4	2.2	3.2	2.2	3.2	
02/07/2025	17:51:04	1.15	1.17	26857.0	   	   	5.3	5.4	2.1	3.2	2.2	3.2	
02/07/2025	17:41:04	1.15	1.17	26856.8	   	   	5.3	5.4	2.2	3.2	2.2	3.2	
02/07/2025	17:31:04	1.14	1.17	26856.6	   	   	5.3	5.4	2.1	3.2	2.2	3.2	
02/07/2025	17:21:04	1.14	1.15	26856.4	   	   	5.3	5.3	2.1	3.2	2.2	3.2	
02/07/2025	17:11:04	1.15	1.17	26856.2	   	   	5.3	5.4	2.2	3.2	2.2	3.2	
02/07/2025	17:01:04	1.12	1.17	26856.1	   	   	5.2	5.4	2.1	3.2	2.2	3.2	
02/07/2025	16:51:03	1.14	1.17	26855.9	   	   	5.3	5.4	2.2	3.2	2.2	3.2	
02/07/2025	16:41:03	1.12	1.17	26855.7	   	   	5.2	5.4	2.1	3.2	2.2	3.2	
02/07/2025	16:31:03	1.15	1.15	26855.5	   	   	5.3	5.3	2.1	3.2	2.2	3.2	
02/07/2025	16:21:03	1.15	1.15	26855.3	   	   	5.3	5.3	2.2	3.2	2.2	3.2	
02/07/2025	16:11:03	1.12	1.15	26855.1	   	   	5.2	5.3	2.1	3.2	2.2	3.2	
02/07/2025	16:01:03	1.14	1.17	26854.9	   	   	5.3	5.4	2.2	3.2	2.2	3.2	
02/07/2025	15:51:03	1.12	1.15	26854.7	   	   	5.2	5.3	2.1	3.2	2.1	3.2	
02/07/2025	15:41:03	1.12	1.17	26854.6	   	   	5.2	5.4	2.1	3.2	2.2	3.2	
02/07/2025	15:31:03	1.14	1.17	26854.4	   	   	5.3	5.4	2.2	3.2	2.2	3.2	
02/07/2025	15:21:03	1.12	1.15	26854.2	   	   	5.2	5.3	2.1	3.2	2.1	3.2	
02/07/2025	15:11:03	1.12	1.15	26854.0	   	   	5.2	5.3	2.1	3.2	2.2	3.2	
02/07/2025	15:01:03	1.14	1.17	26853.8	   	   	5.3	5.4	2.2	3.2	2.2	3.2	
02/07/2025	14:51:03	1.12	1.15	26853.6	   	   	5.2	5.3	2.1	3.2	2.1	3.2	
02/07/2025	14:41:03	1.12	1.15	26853.4	   	   	5.2	5.3	2.1	3.2	2.1	3.3	
02/07/2025	14:31:03	1.15	1.15	26853.2	   	   	5.3	5.3	2.1	3.2	2.1	3.2	
02/07/2025	14:21:03	1.12	1.15	26853.1	   	   	5.2	5.3	2.1	3.2	2.1	3.2	
02/07/2025	14:11:03	1.12	1.15	26852.9	   	   	5.2	5.3	2.1	3.2	2.1	3.2	
02/07/2025	14:01:03	1.12	1.15	26852.7	   	   	5.2	5.3	2.1	3.2	2.1	3.2	
02/07/2025	13:51:03	1.12	1.15	26852.5	   	   	5.2	5.3	2.1	3.2	2.1	3.2	
02/07/2025	13:41:03	1.12	1.15	26852.3	   	   	5.2	5.3	2.1	3.2	2.1	3.2	
02/07/2025	13:31:03	1.15	1.15	26852.1	   	   	5.3	5.3	2.1	3.2	2.1	3.2	
02/07/2025	13:21:02	1.12	1.15	26851.9	   	   	5.2	5.3	2.1	3.2	2.1	3.2	
02/07/2025	13:11:02	1.12	1.15	26851.7	   	   	5.2	5.3	2.1	3.2	2.1	3.2	
02/07/2025	13:01:02	1.12	1.15	26851.6	   	   	5.2	5.3	2.1	3.2	2.1	3.2	
02/07/2025	12:51:02	1.12	1.15	26851.4	   	   	5.2	5.3	2.1	3.2	2.1	3.2	
02/07/2025	12:41:02	1.15	1.15	26851.2	   	   	5.3	5.3	2.1	3.2	2.1	3.2	
02/07/2025	12:31:02	1.15	1.15	26851.0	   	   	5.3	5.3	2.1	3.2	2.1	3.2	
02/07/2025	12:21:02	1.12	1.15	26850.8	   	   	5.2	5.3	2.1	3.2	2.1	3.2	
02/07/2025	12:11:02	1.12	1.15	26850.6	   	   	5.2	5.3	2.1	3.2	2.1	3.2	
02/07/2025	12:01:02	1.15	1.15	26850.4	   	   	5.3	5.3	2.1	3.2	2.1	3.2	
02/07/2025	11:51:02	1.12	1.15	26850.3	   	   	5.2	5.3	2.1	3.2	2.1	3.2	
02/07/2025	11:41:02	1.12	1.15	26850.1	   	   	5.2	5.3	2.1	3.2	2.1	3.2	
02/07/2025	11:31:02	1.15	1.15	26849.9	   	   	5.3	5.3	2.1	3.2	2.1	3.2	
02/07/2025	11:21:02	1.12	1.15	26849.7	   	   	5.2	5.3	2.1	3.2	2.1	3.2	
02/07/2025	11:11:02	1.12	1.15	26849.5	   	   	5.2	5.3	2.1	3.2	2.1	3.2	
02/07/2025	11:01:02	1.12	1.15	26849.3	   	   	5.2	5.3	2.1	3.2	2.1	3.2	
02/07/2025	10:51:02	1.12	1.15	26849.1	   	   	5.2	5.3	2.1	3.2	2.1	3.2	
02/07/2025	10:41:02	1.12	1.15	26848.9	   	   	5.2	5.3	2.1	3.2	2.1	3.2	
02/07/2025	10:31:02	1.12	1.15	26848.8	   	   	5.2	5.3	2.1	3.2	2.1	3.2	
02/07/2025	10:21:02	1.12	1.14	26848.6	   	   	5.2	5.3	2.1	3.2	2.1	3.2	
02/07/2025	10:11:02	1.12	1.12	26848.4	   	   	5.2	5.2	2.1	3.2	2.1	3.2	
02/07/2025	10:01:02	1.12	1.12	26848.2	   	   	5.2	5.2	2.1	3.2	2.1	3.2	
02/07/2025	09:51:02	1.12	1.12	26848.0	   	   	5.2	5.2	2.1	3.2	2.1	3.2	
02/07/2025	09:41:02	1.12	1.12	26847.8	   	   	5.2	5.2	2.1	3.2	2.1	3.2	
02/07/2025	09:31:01	1.12	1.14	26847.6	   	   	5.2	5.3	2.1	3.2	2.1	3.2	
02/07/2025	09:21:01	1.12	1.12	26847.5	   	   	5.2	5.2	2.1	3.1	2.1	3.2	
02/07/2025	09:11:01	1.12	1.12	26847.3	   	   	5.2	5.2	2.1	3.1	2.1	3.2	
02/07/2025	09:01:01	1.12	1.12	26847.1	   	   	5.2	5.2	2.1	3.1	2.1	3.2	
02/07/2025	08:51:01	1.12	1.12	26846.9	   	   	5.2	5.2	2.1	3.2	2.1	3.2	
02/07/2025	08:41:01	1.12	1.12	26846.7	   	   	5.2	5.2	2.1	3.1	2.1	3.2	
02/07/2025	08:31:01	1.12	1.12	26846.5	   	   	5.2	5.2	2.1	3.1	2.1	3.2	
02/07/2025	08:21:01	1.12	1.12	26846.4	   	   	5.2	5.2	2.1	3.1	2.1	3.1	
02/07/2025	08:11:01	1.12	1.12	26846.2	   	   	5.2	5.2	2.1	3.1	2.1	3.1	
02/07/2025	08:01:01	1.12	1.12	26846.0	   	   	5.2	5.2	2.1	3.1	2.1	3.2	
02/07/2025	07:51:01	1.10	1.12	26845.8	   	   	5.1	5.2	2.1	3.1	2.1	3.1	
02/07/2025	07:41:01	1.10	1.12	26845.6	   	   	5.1	5.2	2.1	3.1	2.1	3.2	
02/07/2025	07:31:01	1.10	1.12	26845.4	   	   	5.1	5.2	2.1	3.1	2.1	3.2	
02/07/2025	07:21:01	1.10	1.12	26845.3	   	   	5.1	5.2	2.1	3.1	2.1	3.1	
02/07/2025	07:11:01	1.10	1.12	26845.1	   	   	5.1	5.2	2.1	3.1	2.1	3.1	
02/07/2025	07:01:01	1.10	1.12	26844.9	   	   	5.1	5.2	2.1	3.1	2.1	3.1	
02/07/2025	06:51:01	1.10	1.12	26844.7	   	   	5.1	5.2	2.1	3.1	2.1	3.1	
02/07/2025	06:41:01	1.10	1.10	26844.5	   	   	5.1	5.1	2.1	3.1	2.1	3.1	
02/07/2025	06:31:01	1.10	1.12	26844.3	   	   	5.1	5.2	2.1	3.1	2.1	3.1	
02/07/2025	06:21:01	1.10	1.10	26844.2	   	   	5.1	5.1	2.1	3.1	2.1	3.1	
02/07/2025	06:11:00	1.10	1.10	26844.0	   	   	5.1	5.1	2.1	3.1	2.1	3.1	
02/07/2025	06:01:00	1.10	1.10	26843.8	   	   	5.1	5.1	2.1	3.1	2.1	3.1	
02/07/2025	05:51:00	1.10	1.10	26843.6	   	   	5.1	5.1	2.1	3.0	2.1	3.1	
02/07/2025	05:41:00	1.10	1.10	26843.4	   	   	5.1	5.1	2.1	3.0	2.1	3.1	
02/07/2025	05:31:00	1.10	1.10	26843.3	   	   	5.1	5.1	2.1	3.0	2.1	3.1	
02/07/2025	05:21:00	1.10	1.10	26843.1	   	   	5.1	5.1	2.1	3.0	2.1	3.1	
02/07/2025	05:11:00	1.10	1.10	26842.9	   	   	5.1	5.1	2.1	3.0	2.1	3.1	
02/07/2025	05:01:00	1.10	1.10	26842.7	   	   	5.1	5.1	2.1	3.0	2.1	3.1	
02/07/2025	04:51:00	1.10	1.10	26842.5	   	   	5.1	5.1	2.1	3.0	2.1	3.1	
02/07/2025	04:41:00	1.10	1.10	26842.4	   	   	5.1	5.1	2.1	3.0	2.1	3.1	
02/07/2025	04:31:00	1.10	1.10	26842.2	   	   	5.1	5.1	2.1	3.0	2.1	3.1	
02/07/2025	04:21:00	1.07	1.10	26842.0	   	   	5.0	5.1	2.1	3.0	2.1	3.1	
02/07/2025	04:11:00	1.10	1.10	26841.8	   	   	5.1	5.1	2.1	3.0	2.1	3.1	
02/07/2025	04:01:00	1.10	1.10	26841.6	   	   	5.1	5.1	2.1	3.0	2.1	3.1	
02/07/2025	03:51:00	1.10	1.10	26841.5	   	   	5.1	5.1	2.1	3.0	2.1	3.1	
02/07/2025	03:41:00	1.10	1.10	26841.3	   	   	5.1	5.1	2.1	3.0	2.1	3.1	
02/07/2025	03:31:00	1.10	1.10	26841.1	   	   	5.1	5.1	2.1	3.0	2.1	3.1	
02/07/2025	03:21:00	1.10	1.10	26840.9	   	   	5.1	5.1	2.1	3.0	2.1	3.1	
02/07/2025	03:11:00	1.10	1.10	26840.7	   	   	5.1	5.1	2.1	3.0	2.1	3.1	
02/07/2025	03:01:00	1.10	1.10	26840.6	   	   	5.1	5.1	2.1	3.0	2.1	3.1	
02/07/2025	02:51:00	1.10	1.10	26840.4	   	   	5.1	5.1	2.1	3.0	2.1	3.1	
02/07/2025	02:41:00	1.10	1.10	26840.2	   	   	5.1	5.1	2.1	3.0	2.1	3.1	
02/07/2025	02:30:59	1.10	1.10	26840.0	   	   	5.1	5.1	2.1	3.0	2.1	3.1	
02/07/2025	02:20:59	1.10	1.10	26839.8	   	   	5.1	5.1	2.1	3.0	2.1	3.1	
02/07/2025	02:10:59	1.10	1.10	26839.7	   	   	5.1	5.1	2.1	3.0	2.1	3.1	
02/07/2025	02:00:59	1.10	1.10	26839.5	   	   	5.1	5.1	2.1	3.0	2.1	3.1	
02/07/2025	01:50:59	1.10	1.10	26839.3	   	   	5.1	5.1	2.1	3.0	2.1	3.1	
02/07/2025	01:40:59	1.10	1.10	26839.1	   	   	5.1	5.1	2.1	3.0	2.1	3.1	
02/07/2025	01:30:59	1.10	1.12	26838.9	   	   	5.1	5.2	2.1	3.1	2.1	3.1	
02/07/2025	01:20:59	1.10	1.12	26838.8	   	   	5.1	5.2	2.1	3.1	2.1	3.1	
02/07/2025	01:10:59	1.10	1.10	26838.6	   	   	5.1	5.1	2.1	3.1	2.1	3.1	
02/07/2025	01:00:59	1.10	1.12	26838.4	   	   	5.1	5.2	2.1	3.1	2.1	3.1	
02/07/2025	00:50:59	1.10	1.12	26838.2	   	   	5.1	5.2	2.1	3.1	2.1	3.1	
02/07/2025	00:40:59	1.10	1.12	26838.0	   	   	5.1	5.2	2.1	3.1	2.1	3.2	
02/07/2025	00:30:59	1.12	1.15	26837.8	   	   	5.2	5.3	2.1	3.1	2.1	3.2	
02/07/2025	00:20:59	1.10	1.12	26837.7	   	   	5.1	5.2	2.1	3.1	2.1	3.1	
02/07/2025	00:10:59	1.10	1.12	26837.5	   	   	5.1	5.2	2.1	3.1	2.1	3.1	
02/07/2025	00:00:59	1.12	1.12	26837.3	   	   	5.2	5.2	2.1	3.1	2.1	3.1	
02/06/2025	23:50:59	1.12	1.12	26837.1	   	   	5.2	5.2	2.1	3.1	2.1	3.1	
02/06/2025	23:40:59	1.12	1.12	26836.9	   	   	5.2	5.2	2.1	3.1	2.1	3.2	
02/06/2025	23:30:59	1.12	1.12	26836.7	   	   	5.2	5.2	2.1	3.1	2.1	3.2	
02/06/2025	23:20:59	1.12	1.12	26836.6	   	   	5.2	5.2	2.1	3.1	2.1	3.2	
02/06/2025	23:10:59	1.12	1.15	26836.4	   	   	5.2	5.3	2.1	3.2	2.1	3.2	
02/06/2025	23:00:58	1.12	1.12	26836.2	   	   	5.2	5.2	2.1	3.1	2.1	3.2	
02/06/2025	22:50:58	1.12	1.15	26836.0	   	   	5.2	5.3	2.1	3.2	2.1	3.2	
02/06/2025	22:40:58	1.12	1.15	26835.8	   	   	5.2	5.3	2.1	3.2	2.1	3.2	
02/06/2025	22:30:58	1.12	1.15	26835.6	   	   	5.2	5.3	2.1	3.2	2.1	3.2	
02/06/2025	22:20:58	1.12	1.15	26835.4	   	   	5.2	5.3	2.1	3.2	2.1	3.2	
02/06/2025	22:10:58	1.12	1.15	26835.3	   	   	5.2	5.3	2.1	3.2	2.1	3.2	
02/06/2025	22:00:58	1.15	1.15	26835.1	   	   	5.3	5.3	2.1	3.2	2.1	3.2	
02/06/2025	21:50:58	1.15	1.15	26834.9	   	   	5.3	5.3	2.1	3.2	2.1	3.2	
02/06/2025	21:40:58	1.14	1.15	26834.7	   	   	5.3	5.3	2.1	3.2	2.1	3.3	
02/06/2025	21:30:58	1.15	1.15	26834.5	   	   	5.3	5.3	2.1	3.2	2.1	3.3	
02/06/2025	21:20:58	1.15	1.15	26834.3	   	   	5.3	5.3	2.1	3.2	2.1	3.3	
02/06/2025	21:10:58	1.14	1.15	26834.1	   	   	5.3	5.3	2.1	3.2	2.1	3.3	
02/06/2025	21:00:58	1.14	1.15	26833.9	   	   	5.3	5.3	2.1	3.2	2.1	3.3	
02/06/2025	20:50:58	1.15	1.15	26833.8	   	   	5.3	5.3	2.1	3.2	2.1	3.3	
02/06/2025	20:40:58	1.14	1.15	26833.6	   	   	5.3	5.3	2.1	3.2	2.1	3.3	
02/06/2025	20:30:58	1.15	1.16	26833.4	   	   	5.3	5.4	2.1	3.2	2.1	3.3	
02/06/2025	20:20:58	1.15	1.15	26833.2	   	   	5.3	5.3	2.1	3.2	2.1	3.3	
02/06/2025	20:10:58	1.14	1.15	26833.0	   	   	5.3	5.3	2.1	3.2	2.1	3.3	
02/06/2025	20:00:58	1.14	1.15	26832.8	   	   	5.3	5.3	2.1	3.2	2.1	3.3	
02/06/2025	19:50:58	1.14	1.15	26832.6	   	   	5.3	5.3	2.1	3.2	2.1	3.3	
02/06/2025	19:40:58	1.15	1.15	26832.4	   	   	5.3	5.3	2.1	3.2	2.1	3.3	
02/06/2025	19:30:58	1.14	1.15	26832.2	   	   	5.3	5.3	2.1	3.2	2.1	3.3	
02/06/2025	19:20:57	1.15	1.15	26832.1	   	   	5.3	5.3	2.1	3.2	2.1	3.3	
02/06/2025	19:10:57	1.15	1.15	26831.9	   	   	5.3	5.3	2.1	3.2	2.1	3.3	
02/06/2025	19:00:57	1.14	1.15	26831.7	   	   	5.3	5.3	2.1	3.2	2.1	3.3	
02/06/2025	18:50:57	1.15	1.15	26831.5	   	   	5.3	5.3	2.1	3.2	2.1	3.3	
02/06/2025	18:40:57	1.14	1.15	26831.3	   	   	5.3	5.3	2.1	3.2	2.1	3.3	
02/06/2025	18:30:57	1.15	1.15	26831.1	   	   	5.3	5.3	2.1	3.2	2.1	3.3	
02/06/2025	18:20:57	1.14	1.15	26830.9	   	   	5.3	5.3	2.1	3.2	2.1	3.2	
02/06/2025	18:10:57	1.14	1.17	26830.7	   	   	5.3	5.4	2.1	3.2	2.2	3.2	
02/06/2025	18:00:57	1.16	1.17	26830.5	   	   	5.4	5.4	2.2	3.2	2.2	3.3	
02/06/2025	17:50:57	1.15	1.15	26830.4	   	   	5.3	5.3	2.1	3.2	2.1	3.2	
02/06/2025	17:40:57	1.14	1.15	26830.2	   	   	5.3	5.3	2.1	3.2	2.1	3.3	
02/06/2025	17:30:57	1.14	1.17	26830.0	   	   	5.3	5.4	2.1	3.2	2.2	3.3	
02/06/2025	17:20:57	1.14	1.17	26829.8	   	   	5.3	5.4	2.2	3.2	2.2	3.2	
02/06/2025	17:10:57	1.15	1.17	26829.6	   	   	5.3	5.4	2.1	3.2	2.2	3.3	
02/06/2025	17:00:57	1.14	1.17	26829.4	   	   	5.3	5.4	2.1	3.2	2.2	3.2	
02/06/2025	16:50:57	1.15	1.17	26829.2	   	   	5.3	5.4	2.2	3.2	2.2	3.3	
02/06/2025	16:40:57	1.15	1.17	26829.0	   	   	5.3	5.4	2.1	3.2	2.2	3.3	
02/06/2025	16:30:57	1.15	1.15	26828.9	   	   	5.3	5.3	2.1	3.2	2.1	3.3	
02/06/2025	16:20:57	1.12	1.17	26828.7	   	   	5.2	5.4	2.1	3.2	2.2	3.2	
02/06/2025	16:10:57	1.12	1.17	26828.5	   	   	5.2	5.4	2.1	3.2	2.2	3.2	
02/06/2025	16:00:56	1.17	1.17	26828.3	   	   	5.3	5.4	2.2	3.2	2.2	3.2	
02/06/2025	15:50:56	1.15	1.17	26828.1	   	   	5.3	5.4	2.1	3.2	2.2	3.2	
02/06/2025	15:40:56	1.14	1.17	26827.9	   	   	5.3	5.4	2.1	3.2	2.2	3.3	
02/06/2025	15:30:56	1.17	1.17	26827.7	   	   	5.4	5.4	2.2	3.2	2.2	3.3	
02/06/2025	15:20:56	1.14	1.17	26827.5	   	   	5.3	5.4	2.1	3.2	2.2	3.2	
02/06/2025	15:10:56	1.15	1.17	26827.3	   	   	5.3	5.4	2.2	3.2	2.2	3.2	
02/06/2025	15:00:56	1.14	1.17	26827.2	   	   	5.3	5.4	2.1	3.2	2.2	3.2	
02/06/2025	14:50:56	1.14	1.15	26827.0	   	   	5.3	5.3	2.1	3.2	2.1	3.2	
02/06/2025	14:40:56	1.14	1.17	26826.8	   	   	5.3	5.4	2.1	3.2	2.2	3.2	
02/06/2025	14:30:56	1.15	1.16	26826.6	   	   	5.3	5.4	2.1	3.2	2.2	3.3	
02/06/2025	14:20:56	1.14	1.17	26826.4	   	   	5.3	5.4	2.2	3.2	2.2	3.2	
02/06/2025	14:10:56	1.15	1.17	26826.2	   	   	5.3	5.4	2.1	3.2	2.2	3.2	
02/06/2025	14:00:56	1.15	1.15	26826.0	   	   	5.3	5.3	2.1	3.2	2.1	3.2	
02/06/2025	13:50:56	1.14	1.17	26825.8	   	   	5.3	5.4	2.1	3.2	2.2	3.3	
02/06/2025	13:40:56	1.15	1.15	26825.7	   	   	5.3	5.3	2.1	3.2	2.1	3.3	
02/06/2025	13:30:56	1.15	1.17	26825.5	   	   	5.3	5.4	2.1	3.2	2.2	3.3	
02/06/2025	13:20:56	1.14	1.17	26825.3	   	   	5.3	5.4	2.1	3.2	2.2	3.2	
02/06/2025	13:10:56	1.15	1.17	26825.1	   	   	5.3	5.4	2.2	3.2	2.2	3.2	
02/06/2025	13:00:56	1.14	1.17	26824.9	   	   	5.3	5.4	2.1	3.2	2.2	3.2	
02/06/2025	12:50:56	1.14	1.17	26824.7	   	   	5.3	5.4	2.2	3.2	2.2	3.3	
02/06/2025	12:40:56	1.14	1.17	26824.5	   	   	5.3	5.4	2.1	3.2	2.2	3.3	
02/06/2025	12:30:56	1.16	1.17	26824.3	   	   	5.4	5.4	2.2	3.2	2.2	3.3	
02/06/2025	12:20:55	1.14	1.15	26824.1	   	   	5.3	5.3	2.1	3.2	2.1	3.2	
02/06/2025	12:10:55	1.14	1.15	26824.0	   	   	5.3	5.3	2.1	3.2	2.1	3.3	
02/06/2025	12:00:55	1.15	1.15	26823.8	   	   	5.3	5.3	2.1	3.2	2.1	3.2	
02/06/2025	11:50:55	1.15	1.15	26823.6	   	   	5.3	5.3	2.1	3.2	2.1	3.2	
02/06/2025	11:40:55	1.15	1.15	26823.4	   	   	5.3	5.3	2.1	3.2	2.1	3.2	
02/06/2025	11:30:55	1.15	1.15	26823.2	   	   	5.3	5.3	2.1	3.2	2.1	3.2	
02/06/2025	11:20:55	1.15	1.15	26823.0	   	   	5.3	5.3	2.1	3.2	2.1	3.2	
02/06/2025	11:10:55	1.12	1.15	26822.8	   	   	5.2	5.3	2.1	3.2	2.1	3.2	
02/06/2025	11:00:55	1.14	1.15	26822.7	   	   	5.3	5.3	2.1	3.2	2.1	3.2	
02/06/2025	10:50:55	1.12	1.15	26822.5	   	   	5.2	5.3	2.1	3.2	2.1	3.2	
02/06/2025	10:40:55	1.15	1.15	26822.3	   	   	5.3	5.3	2.1	3.2	2.1	3.2	
02/06/2025	10:30:55	1.15	1.15	26822.1	   	   	5.3	5.3	2.1	3.2	2.1	3.2	
02/06/2025	10:20:55	1.12	1.15	26821.9	   	   	5.2	5.3	2.1	3.2	2.1	3.2	
02/06/2025	10:10:55	1.12	1.15	26821.7	   	   	5.2	5.3	2.1	3.2	2.1	3.2	
02/06/2025	10:00:55	1.12	1.14	26821.5	   	   	5.2	5.3	2.1	3.2	2.1	3.2	
02/06/2025	09:50:55	1.12	1.15	26821.3	   	   	5.2	5.3	2.1	3.2	2.1	3.2	
02/06/2025	09:40:55	1.12	1.15	26821.2	   	   	5.2	5.3	2.1	3.2	2.1	3.2	
02/06/2025	09:30:55	1.12	1.15	26821.0	   	   	5.2	5.3	2.1	3.2	2.1	3.2	
02/06/2025	09:20:55	1.12	1.12	26820.8	   	   	5.2	5.2	2.1	3.2	2.1	3.2	
02/06/2025	09:10:55	1.12	1.12	26820.6	   	   	5.2	5.2	2.1	3.2	2.1	3.2	
02/06/2025	09:00:55	1.12	1.12	26820.4	   	   	5.2	5.2	2.1	3.2	2.1	3.2	
02/06/2025	08:50:55	1.12	1.12	26820.2	   	   	5.2	5.2	2.1	3.2	2.1	3.2	
02/06/2025	08:40:55	1.12	1.12	26820.0	   	   	5.2	5.2	2.1	3.2	2.1	3.2	
02/06/2025	08:30:54	1.12	1.12	26819.9	   	   	5.2	5.2	2.1	3.2	2.1	3.2	
02/06/2025	08:20:54	1.12	1.12	26819.7	   	   	5.2	5.2	2.1	3.1	2.1	3.2	
02/06/2025	08:10:54	1.12	1.12	26819.5	   	   	5.2	5.2	2.1	3.2	2.1	3.2	
02/06/2025	08:00:54	1.12	1.12	26819.3	   	   	5.2	5.2	2.1	3.2	2.1	3.2	
02/06/2025	07:50:54	1.12	1.12	26819.1	   	   	5.2	5.2	2.1	3.1	2.1	3.2	
02/06/2025	07:40:54	1.12	1.12	26818.9	   	   	5.2	5.2	2.1	3.2	2.1	3.2	
02/06/2025	07:30:54	1.12	1.12	26818.8	   	   	5.2	5.2	2.1	3.2	2.1	3.2	
02/06/2025	07:20:54	1.12	1.12	26818.6	   	   	5.2	5.2	2.1	3.1	2.1	3.2	
02/06/2025	07:10:54	1.12	1.12	26818.4	   	   	5.2	5.2	2.1	3.1	2.1	3.1	
02/06/2025	07:00:54	1.12	1.12	26818.2	   	   	5.2	5.2	2.1	3.1	2.1	3.2	
02/06/2025	06:50:54	1.10	1.12	26818.0	   	   	5.1	5.2	2.1	3.1	2.1	3.1	
02/06/2025	06:40:54	1.10	1.12	26817.8	   	   	5.1	5.2	2.1	3.1	2.1	3.1	
02/06/2025	06:30:54	1.12	1.12	26817.7	   	   	5.2	5.2	2.1	3.1	2.1	3.1	
02/06/2025	06:20:54	1.10	1.12	26817.5	   	   	5.1	5.2	2.1	3.1	2.1	3.1	
02/06/2025	06:10:54	1.10	1.10	26817.3	   	   	5.1	5.1	2.1	3.1	2.1	3.1	
02/06/2025	06:00:54	1.10	1.10	26817.1	   	   	5.1	5.1	2.1	3.1	2.1	3.1	
02/06/2025	05:50:54	1.10	1.10	26816.9	   	   	5.1	5.1	2.1	3.1	2.1	3.1	
02/06/2025	05:40:54	1.10	1.10	26816.8	   	   	5.1	5.1	2.1	3.1	2.1	3.1	
02/06/2025	05:30:54	1.10	1.10	26816.6	   	   	5.1	5.1	2.1	3.1	2.1	3.1	
02/06/2025	05:20:54	1.10	1.10	26816.4	   	   	5.1	5.1	2.1	3.0	2.1	3.1	
02/06/2025	05:10:54	1.10	1.10	26816.2	   	   	5.1	5.1	2.1	3.0	2.1	3.1	
02/06/2025	05:00:54	1.10	1.10	26816.0	   	   	5.1	5.1	2.1	3.0	2.1	3.1	
02/06/2025	04:50:53	1.10	1.10	26815.8	   	   	5.1	5.1	2.1	3.0	2.1	3.1	
02/06/2025	04:40:53	1.10	1.10	26815.7	   	   	5.1	5.1	2.1	3.0	2.1	3.1	
02/06/2025	04:30:53	1.10	1.10	26815.5	   	   	5.1	5.1	2.1	3.1	2.1	3.1	
02/06/2025	04:20:53	1.10	1.10	26815.3	   	   	5.1	5.1	2.1	3.0	2.1	3.1	
02/06/2025	04:10:53	1.10	1.10	26815.1	   	   	5.1	5.1	2.1	3.0	2.1	3.1	
02/06/2025	04:00:53	1.10	1.10	26815.0	   	   	5.1	5.1	2.1	3.0	2.1	3.0	
02/06/2025	03:50:53	1.10	1.10	26814.8	   	   	5.1	5.1	2.1	3.0	2.1	3.1	
02/06/2025	03:40:53	1.10	1.10	26814.6	   	   	5.1	5.1	2.1	3.0	2.1	3.1	
02/06/2025	03:30:53	1.10	1.10	26814.4	   	   	5.1	5.1	2.1	3.0	2.1	3.1	
02/06/2025	03:20:53	1.10	1.10	26814.2	   	   	5.1	5.1	2.1	3.0	2.1	3.1	
02/06/2025	03:10:53	1.10	1.10	26814.1	   	   	5.1	5.1	2.1	3.0	2.1	3.1	
02/06/2025	03:00:53	1.10	1.10	26813.9	   	   	5.1	5.1	2.1	3.0	2.1	3.1	
02/06/2025	02:50:53	1.10	1.10	26813.7	   	   	5.1	5.1	2.1	3.0	2.1	3.1	
02/06/2025	02:40:53	1.10	1.10	26813.5	   	   	5.1	5.1	2.1	3.0	2.1	3.1	
02/06/2025	02:30:53	1.10	1.10	26813.3	   	   	5.1	5.1	2.1	3.0	2.1	3.1	
02/06/2025	02:20:53	1.10	1.10	26813.2	   	   	5.1	5.1	2.1	3.0	2.1	3.1	
02/06/2025	02:10:53	1.10	1.10	26813.0	   	   	5.1	5.1	2.1	3.0	2.1	3.1	
02/06/2025	02:00:53	1.10	1.10	26812.8	   	   	5.1	5.1	2.1	3.0	2.1	3.1	
02/06/2025	01:50:53	1.10	1.10	26812.6	   	   	5.1	5.1	2.1	3.0	2.1	3.1	
02/06/2025	01:40:53	1.10	1.10	26812.4	   	   	5.1	5.1	2.1	3.0	2.1	3.1	
02/06/2025	01:30:53	1.10	1.10	26812.2	   	   	5.1	5.1	2.1	3.0	2.1	3.1	
02/06/2025	01:20:53	1.10	1.10	26812.1	   	   	5.1	5.1	2.1	3.1	2.1	3.1	
02/06/2025	01:10:52	1.10	1.10	26811.9	   	   	5.1	5.1	2.1	3.1	2.1	3.1	
02/06/2025	01:00:52	1.10	1.10	26811.7	   	   	5.1	5.1	2.1	3.1	2.1	3.1	
02/06/2025	00:50:52	1.10	1.10	26811.5	   	   	5.1	5.1	2.1	3.1	2.1	3.1	
02/06/2025	00:40:52	1.10	1.12	26811.3	   	   	5.1	5.2	2.1	3.1	2.1	3.2	
02/06/2025	00:30:52	1.10	1.12	26811.2	   	   	5.1	5.2	2.1	3.1	2.1	3.1	
02/06/2025	00:20:52	1.10	1.12	26811.0	   	   	5.1	5.2	2.1	3.1	2.1	3.1	
02/06/2025	00:10:52	1.10	1.12	26810.8	   	   	5.1	5.2	2.1	3.1	2.1	3.1	
02/06/2025	00:00:52	1.10	1.12	26810.6	   	   	5.1	5.2	2.1	3.1	2.1	3.1	
02/05/2025	23:50:52	1.10	1.12	26810.4	   	   	5.1	5.2	2.1	3.1	2.1	3.1	
02/05/2025	23:40:52	1.12	1.12	26810.2	   	   	5.2	5.2	2.1	3.1	2.1	3.2	
02/05/2025	23:30:52	1.12	1.12	26810.1	   	   	5.2	5.2	2.1	3.1	2.1	3.2	
02/05/2025	23:20:52	1.12	1.12	26809.9	   	   	5.2	5.2	2.1	3.1	2.1	3.2	
02/05/2025	23:10:52	1.12	1.12	26809.7	   	   	5.2	5.2	2.1	3.1	2.1	3.2	
02/05/2025	23:00:52	1.12	1.12	26809.5	   	   	5.2	5.2	2.1	3.1	2.1	3.2	
02/05/2025	22:50:52	1.12	1.12	26809.3	   	   	5.2	5.2	2.1	3.1	2.1	3.2	
02/05/2025	22:40:52	1.12	1.15	26809.1	   	   	5.2	5.3	2.1	3.2	2.1	3.2	
02/05/2025	22:30:52	1.12	1.15	26808.9	   	   	5.2	5.3	2.1	3.2	2.1	3.2	
02/05/2025	22:20:52	1.12	1.15	26808.8	   	   	5.2	5.3	2.1	3.2	2.1	3.2	
02/05/2025	22:10:52	1.12	1.15	26808.6	   	   	5.2	5.3	2.1	3.2	2.1	3.2	
02/05/2025	22:00:52	1.15	1.15	26808.4	   	   	5.3	5.3	2.1	3.2	2.1	3.2	
02/05/2025	21:50:52	1.15	1.15	26808.2	   	   	5.3	5.3	2.1	3.2	2.1	3.3	
02/05/2025	21:40:52	1.15	1.15	26808.0	   	   	5.3	5.3	2.1	3.2	2.1	3.3	
02/05/2025	21:30:52	1.15	1.15	26807.8	   	   	5.3	5.3	2.1	3.2	2.1	3.3	
02/05/2025	21:20:51	1.15	1.15	26807.6	   	   	5.3	5.3	2.1	3.2	2.1	3.3	
02/05/2025	21:10:51	1.15	1.15	26807.4	   	   	5.3	5.3	2.1	3.2	2.1	3.3	
02/05/2025	21:00:51	1.14	1.15	26807.3	   	   	5.3	5.3	2.1	3.2	2.1	3.3	
02/05/2025	20:50:51	1.15	1.15	26807.1	   	   	5.3	5.3	2.1	3.2	2.1	3.3	
02/05/2025	20:40:51	1.14	1.17	26806.9	   	   	5.3	5.4	2.1	3.2	2.1	3.3	
02/05/2025	20:30:51	1.15	1.15	26806.7	   	   	5.3	5.3	2.1	3.2	2.1	3.3	
02/05/2025	20:20:51	1.14	1.15	26806.5	   	   	5.3	5.3	2.1	3.2	2.1	3.3	
02/05/2025	20:10:51	1.14	1.15	26806.3	   	   	5.3	5.3	2.1	3.2	2.1	3.3	
02/05/2025	20:00:51	1.15	1.15	26806.1	   	   	5.3	5.3	2.1	3.2	2.1	3.3	
02/05/2025	19:50:51	1.14	1.15	26805.9	   	   	5.3	5.3	2.1	3.2	2.1	3.3	
02/05/2025	19:40:51	1.14	1.15	26805.7	   	   	5.3	5.3	2.1	3.2	2.1	3.3	
02/05/2025	19:30:51	1.15	1.15	26805.6	   	   	5.3	5.3	2.1	3.2	2.1	3.3	
02/05/2025	19:20:51	1.15	1.15	26805.4	   	   	5.3	5.3	2.1	3.2	2.1	3.2	
02/05/2025	19:10:51	1.15	1.15	26805.2	   	   	5.3	5.3	2.1	3.2	2.1	3.3	
02/05/2025	19:00:51	1.15	1.17	26805.0	   	   	5.3	5.4	2.1	3.2	2.2	3.3	
02/05/2025	18:50:51	1.17	1.17	26804.8	   	   	5.4	5.4	2.2	3.2	2.2	3.3	
02/05/2025	18:40:51	1.15	1.15	26804.6	   	   	5.3	5.3	2.1	3.2	2.1	3.3	
02/05/2025	18:30:51	1.15	1.17	26804.4	   	   	5.3	5.4	2.1	3.2	2.2	3.2	
02/05/2025	18:20:51	1.15	1.15	26804.2	   	   	5.3	5.3	2.1	3.2	2.1	3.2	
02/05/2025	18:10:51	1.15	1.15	26804.0	   	   	5.3	5.3	2.1	3.2	2.1	3.2	
02/05/2025	18:00:51	1.12	1.17	26803.9	   	   	5.2	5.4	2.1	3.2	2.2	3.3	
02/05/2025	17:50:51	1.12	1.17	26803.7	   	   	5.2	5.4	2.1	3.2	2.2	3.2	
02/05/2025	17:40:50	1.14	1.17	26803.5	   	   	5.3	5.4	2.2	3.2	2.2	3.3	
02/05/2025	17:30:50	1.12	1.17	26803.3	   	   	5.2	5.4	2.1	3.2	2.2	3.2	
02/05/2025	17:20:50	1.15	1.17	26803.1	   	   	5.3	5.4	2.2	3.2	2.2	3.2	
02/05/2025	17:10:50	1.12	1.15	26802.9	   	   	5.2	5.3	2.1	3.2	2.1	3.2	
02/05/2025	17:00:50	1.12	1.15	26802.7	   	   	5.2	5.3	2.1	3.2	2.1	3.2	
02/05/2025	16:50:50	1.12	1.17	26802.5	   	   	5.2	5.4	2.1	3.2	2.2	3.2	
02/05/2025	16:40:50	1.15	1.15	26802.4	   	   	5.3	5.3	2.1	3.2	2.1	3.2	
02/05/2025	16:30:50	1.12	1.17	26802.2	   	   	5.2	5.4	2.1	3.2	2.2	3.2	
02/05/2025	16:20:50	1.15	1.17	26802.0	   	   	5.3	5.4	2.2	3.2	2.2	3.2	
02/05/2025	16:10:50	1.12	1.15	26801.8	   	   	5.2	5.3	2.1	3.2	2.1	3.2	
02/05/2025	16:00:50	1.12	1.15	26801.6	   	   	5.2	5.3	2.1	3.2	2.1	3.2	
02/05/2025	15:50:50	1.12	1.15	26801.4	   	   	5.2	5.3	2.1	3.2	2.1	3.2	
02/05/2025	15:40:50	1.12	1.15	26801.2	   	   	5.2	5.3	2.1	3.2	2.1	3.2	
02/05/2025	15:30:50	1.12	1.15	26801.0	   	   	5.2	5.3	2.1	3.2	2.1	3.2	
02/05/2025	15:20:50	1.12	1.15	26800.9	   	   	5.2	5.3	2.1	3.2	2.1	3.2	
02/05/2025	15:10:50	1.12	1.15	26800.7	   	   	5.2	5.3	2.1	3.2	2.1	3.2	
02/05/2025	15:00:50	1.12	1.15	26800.5	   	   	5.2	5.3	2.1	3.2	2.1	3.2	
02/05/2025	14:50:50	1.12	1.15	26800.3	   	   	5.2	5.3	2.1	3.2	2.1	3.2	
02/05/2025	14:40:50	1.12	1.15	26800.1	   	   	5.2	5.3	2.1	3.2	2.1	3.2	
02/05/2025	14:30:50	1.12	1.15	26799.9	   	   	5.2	5.3	2.1	3.2	2.1	3.2	
02/05/2025	14:20:50	1.12	1.15	26799.7	   	   	5.2	5.3	2.1	3.2	2.1	3.2	
02/05/2025	14:10:50	1.12	1.15	26799.6	   	   	5.2	5.3	2.1	3.2	2.1	3.2	
02/05/2025	14:00:49	1.12	1.15	26799.4	   	   	5.2	5.3	2.1	3.2	2.1	3.2	
02/05/2025	13:50:49	1.12	1.15	26799.2	   	   	5.2	5.3	2.1	3.2	2.1	3.2	
02/05/2025	13:40:49	1.12	1.15	26799.0	   	   	5.2	5.3	2.1	3.2	2.1	3.2	
02/05/2025	13:30:49	1.15	1.15	26798.8	   	   	5.3	5.3	2.1	3.2	2.1	3.2	
02/05/2025	13:20:49	1.15	1.15	26798.6	   	   	5.3	5.3	2.1	3.2	2.1	3.2	
02/05/2025	13:10:49	1.15	1.15	26798.4	   	   	5.3	5.3	2.1	3.2	2.1	3.2	
02/05/2025	13:00:49	1.15	1.15	26798.2	   	   	5.3	5.3	2.1	3.2	2.1	3.2	
02/05/2025	12:50:49	1.15	1.15	26798.1	   	   	5.3	5.3	2.1	3.2	2.1	3.3	
02/05/2025	12:40:49	1.15	1.15	26797.9	   	   	5.3	5.3	2.1	3.2	2.1	3.2	
02/05/2025	12:30:49	1.12	1.15	26797.7	   	   	5.2	5.3	2.1	3.2	2.1	3.2	
02/05/2025	12:20:49	1.12	1.15	26797.5	   	   	5.2	5.3	2.1	3.2	2.1	3.2	
02/05/2025	12:10:49	1.12	1.15	26797.3	   	   	5.2	5.3	2.1	3.2	2.1	3.2	
02/05/2025	12:00:49	1.12	1.15	26797.1	   	   	5.2	5.3	2.1	3.2	2.1	3.2	
02/05/2025	11:50:49	1.12	1.15	26796.9	   	   	5.2	5.3	2.1	3.2	2.1	3.2	
02/05/2025	11:40:49	1.12	1.15	26796.7	   	   	5.2	5.3	2.1	3.2	2.1	3.2	
02/05/2025	11:30:49	1.12	1.15	26796.6	   	   	5.2	5.3	2.1	3.2	2.1	3.2	
02/05/2025	11:20:49	1.12	1.15	26796.4	   	   	5.2	5.3	2.1	3.2	2.1	3.2	
02/05/2025	11:10:49	1.12	1.15	26796.2	   	   	5.2	5.3	2.1	3.2	2.1	3.2	
02/05/2025	11:00:49	1.12	1.15	26796.0	   	   	5.2	5.3	2.1	3.2	2.1	3.2	
02/05/2025	10:50:49	1.12	1.15	26795.8	   	   	5.2	5.3	2.1	3.2	2.1	3.2	
02/05/2025	10:40:49	1.12	1.15	26795.6	   	   	5.2	5.3	2.1	3.2	2.1	3.2	
02/05/2025	10:30:49	1.12	1.15	26795.4	   	   	5.2	5.3	2.1	3.2	2.1	3.2	
02/05/2025	10:20:48	1.12	1.15	26795.2	   	   	5.2	5.3	2.1	3.2	2.1	3.2	
02/05/2025	10:10:48	1.12	1.13	26795.1	   	   	5.2	5.2	2.1	3.2	2.1	3.2	
02/05/2025	10:00:48	1.12	1.12	26794.9	   	   	5.2	5.2	2.1	3.2	2.1	3.2	
02/05/2025	09:50:48	1.12	1.12	26794.7	   	   	5.2	5.2	2.1	3.2	2.1	3.2	
02/05/2025	09:40:48	1.12	1.15	26794.5	   	   	5.2	5.3	2.1	3.2	2.1	3.2	
02/05/2025	09:30:48	1.12	1.13	26794.3	   	   	5.2	5.2	2.1	3.2	2.1	3.2	
02/05/2025	09:20:48	1.12	1.12	26794.1	   	   	5.2	5.2	2.1	3.2	2.1	3.2	
02/05/2025	09:10:48	1.12	1.12	26793.9	   	   	5.2	5.2	2.1	3.1	2.1	3.2	
02/05/2025	09:00:48	1.12	1.12	26793.8	   	   	5.2	5.2	2.1	3.1	2.1	3.2	
02/05/2025	08:50:48	1.12	1.12	26793.6	   	   	5.2	5.2	2.1	3.2	2.1	3.2	
02/05/2025	08:40:48	1.12	1.12	26793.4	   	   	5.2	5.2	2.1	3.1	2.1	3.2	
02/05/2025	08:30:48	1.12	1.12	26793.2	   	   	5.2	5.2	2.1	3.1	2.1	3.2	
02/05/2025	08:20:48	1.12	1.12	26793.0	   	   	5.2	5.2	2.1	3.1	2.1	3.2	
02/05/2025	08:10:48	1.12	1.12	26792.8	   	   	5.2	5.2	2.1	3.1	2.1	3.2	
02/05/2025	08:00:48	1.12	1.12	26792.7	   	   	5.2	5.2	2.1	3.1	2.1	3.2	
02/05/2025	07:50:48	1.12	1.12	26792.5	   	   	5.2	5.2	2.1	3.1	2.1	3.2	
02/05/2025	07:40:48	1.12	1.12	26792.3	   	   	5.2	5.2	2.1	3.1	2.1	3.2	
02/05/2025	07:30:48	1.10	1.12	26792.1	   	   	5.1	5.2	2.1	3.1	2.1	3.2	
02/05/2025	07:20:48	1.10	1.12	26791.9	   	   	5.1	5.2	2.1	3.1	2.1	3.1	
02/05/2025	07:10:48	1.10	1.12	26791.7	   	   	5.1	5.2	2.1	3.1	2.1	3.1	
02/05/2025	07:00:48	1.10	1.12	26791.6	   	   	5.1	5.2	2.1	3.1	2.1	3.1	
02/05/2025	06:50:48	1.10	1.12	26791.4	   	   	5.1	5.2	2.1	3.1	2.1	3.1	
02/05/2025	06:40:47	1.10	1.12	26791.2	   	   	5.1	5.2	2.1	3.1	2.1	3.1	
02/05/2025	06:30:47	1.10	1.10	26791.0	   	   	5.1	5.1	2.1	3.1	2.1	3.1	
02/05/2025	06:20:47	1.10	1.10	26790.8	   	   	5.1	5.1	2.1	3.1	2.1	3.1	
02/05/2025	06:10:47	1.10	1.12	26790.6	   	   	5.1	5.2	2.1	3.1	2.1	3.1	
02/05/2025	06:00:47	1.10	1.10	26790.5	   	   	5.1	5.1	2.1	3.1	2.1	3.1	
02/05/2025	05:50:47	1.10	1.10	26790.3	   	   	5.1	5.1	2.1	3.1	2.1	3.1	
02/05/2025	05:40:47	1.10	1.12	26790.1	   	   	5.1	5.2	2.1	3.0	2.1	3.1	
02/05/2025	05:30:47	1.10	1.10	26789.9	   	   	5.1	5.1	2.1	3.0	2.1	3.1	
02/05/2025	05:20:47	1.10	1.10	26789.7	   	   	5.1	5.1	2.1	3.0	2.1	3.1	
02/05/2025	05:10:47	1.10	1.10	26789.6	   	   	5.1	5.1	2.1	3.0	2.1	3.1	
02/05/2025	05:00:47	1.10	1.10	26789.4	   	   	5.1	5.1	2.1	3.0	2.1	3.1	
02/05/2025	04:50:47	1.10	1.10	26789.2	   	   	5.1	5.1	2.1	3.0	2.1	3.1	
02/05/2025	04:40:47	1.10	1.10	26789.0	   	   	5.1	5.1	2.1	3.0	2.1	3.1	
02/05/2025	04:30:47	1.10	1.10	26788.8	   	   	5.1	5.1	2.1	3.0	2.1	3.1	
02/05/2025	04:20:47	1.10	1.10	26788.7	   	   	5.1	5.1	2.1	3.0	2.1	3.1	
02/05/2025	04:10:47	1.10	1.10	26788.5	   	   	5.1	5.1	2.1	3.0	2.1	3.1	
02/05/2025	04:00:47	1.10	1.10	26788.3	   	   	5.1	5.1	2.1	3.0	2.1	3.1	
02/05/2025	03:50:47	1.08	1.10	26788.1	   	   	5.0	5.1	2.1	3.0	2.1	3.1	
02/05/2025	03:40:47	1.10	1.10	26787.9	   	   	5.1	5.1	2.1	3.0	2.1	3.1	
02/05/2025	03:30:47	1.07	1.10	26787.8	   	   	5.0	5.1	2.1	3.0	2.1	3.1	
02/05/2025	03:20:47	1.10	1.10	26787.6	   	   	5.1	5.1	2.1	3.0	2.1	3.0	
02/05/2025	03:10:46	1.10	1.10	26787.4	   	   	5.1	5.1	2.1	3.0	2.1	3.1	
02/05/2025	03:00:46	1.10	1.10	26787.2	   	   	5.1	5.1	2.1	3.0	2.1	3.1	
02/05/2025	02:50:46	1.10	1.10	26787.0	   	   	5.1	5.1	2.1	3.0	2.1	3.1	
02/05/2025	02:40:46	1.10	1.10	26786.9	   	   	5.1	5.1	2.1	3.0	2.1	3.1	
02/05/2025	02:30:46	1.10	1.10	26786.7	   	   	5.1	5.1	2.1	3.0	2.1	3.1	
02/05/2025	02:20:46	1.10	1.10	26786.5	   	   	5.1	5.1	2.1	3.0	2.1	3.1	
02/05/2025	02:10:46	1.10	1.10	26786.3	   	   	5.1	5.1	2.1	3.0	2.1	3.1	
02/05/2025	02:00:46	1.10	1.10	26786.1	   	   	5.1	5.1	2.1	3.0	2.1	3.1	
02/05/2025	01:50:46	1.10	1.10	26785.9	   	   	5.1	5.1	2.1	3.0	2.1	3.1	
02/05/2025	01:40:46	1.10	1.10	26785.8	   	   	5.1	5.1	2.1	3.0	2.1	3.1	
02/05/2025	01:30:46	1.10	1.10	26785.6	   	   	5.1	5.1	2.1	3.0	2.1	3.1	
02/05/2025	01:20:46	1.10	1.10	26785.4	   	   	5.1	5.1	2.1	3.1	2.1	3.1	
02/05/2025	01:10:46	1.10	1.10	26785.2	   	   	5.1	5.1	2.1	3.1	2.1	3.1	
02/05/2025	01:00:46	1.10	1.10	26785.0	   	   	5.1	5.1	2.1	3.1	2.1	3.1	
02/05/2025	00:50:46	1.10	1.12	26784.9	   	   	5.1	5.2	2.1	3.1	2.1	3.1	
02/05/2025	00:40:46	1.10	1.12	26784.7	   	   	5.1	5.2	2.1	3.1	2.1	3.2	
02/05/2025	00:30:46	1.10	1.12	26784.5	   	   	5.1	5.2	2.1	3.1	2.1	3.1	
02/05/2025	00:20:46	1.10	1.12	26784.3	   	   	5.1	5.2	2.1	3.1	2.1	3.1	
02/05/2025	00:10:46	1.10	1.12	26784.1	   	   	5.1	5.2	2.1	3.1	2.1	3.1	
02/05/2025	00:00:46	1.10	1.12	26783.9	   	   	5.1	5.2	2.1	3.1	2.1	3.1	
02/04/2025	23:50:46	1.12	1.12	26783.8	   	   	5.2	5.2	2.1	3.1	2.1	3.1	
02/04/2025	23:40:45	1.12	1.12	26783.6	   	   	5.2	5.2	2.1	3.1	2.1	3.2	
02/04/2025	23:30:45	1.12	1.12	26783.4	   	   	5.2	5.2	2.1	3.1	2.1	3.2	
02/04/2025	23:20:45	1.12	1.12	26783.2	   	   	5.2	5.2	2.1	3.1	2.1	3.2	
02/04/2025	23:10:45	1.12	1.12	26783.0	   	   	5.2	5.2	2.1	3.1	2.1	3.2	
02/04/2025	23:00:45	1.12	1.12	26782.8	   	   	5.2	5.2	2.1	3.1	2.1	3.2	
02/04/2025	22:50:45	1.12	1.15	26782.7	   	   	5.2	5.3	2.1	3.2	2.1	3.2	
02/04/2025	22:40:45	1.12	1.15	26782.5	   	   	5.2	5.3	2.1	3.2	2.1	3.2	
02/04/2025	22:30:45	1.12	1.15	26782.3	   	   	5.2	5.3	2.1	3.2	2.1	3.2	
02/04/2025	22:20:45	1.12	1.15	26782.1	   	   	5.2	5.3	2.1	3.2	2.1	3.2	
02/04/2025	22:10:45	1.12	1.15	26781.9	   	   	5.2	5.3	2.1	3.2	2.1	3.2	
02/04/2025	22:00:45	1.15	1.15	26781.7	   	   	5.3	5.3	2.1	3.2	2.1	3.2	
02/04/2025	21:50:45	1.14	1.15	26781.5	   	   	5.3	5.3	2.1	3.2	2.1	3.2	
02/04/2025	21:40:45	1.15	1.15	26781.3	   	   	5.3	5.3	2.1	3.2	2.1	3.3	
02/04/2025	21:30:45	1.14	1.15	26781.2	   	   	5.3	5.3	2.1	3.2	2.1	3.3	
02/04/2025	21:20:45	1.15	1.15	26781.0	   	   	5.3	5.3	2.1	3.2	2.1	3.3	
02/04/2025	21:10:45	1.15	1.15	26780.8	   	   	5.3	5.3	2.1	3.2	2.1	3.3	
02/04/2025	21:00:45	1.15	1.15	26780.6	   	   	5.3	5.3	2.1	3.2	2.1	3.3	
02/04/2025	20:50:45	1.15	1.15	26780.4	   	   	5.3	5.3	2.1	3.2	2.1	3.3	
02/04/2025	20:40:45	1.14	1.17	26780.2	   	   	5.3	5.4	2.1	3.2	2.1	3.3	
02/04/2025	20:30:45	1.15	1.15	26780.0	   	   	5.3	5.3	2.1	3.2	2.1	3.3	
02/04/2025	20:20:45	1.15	1.15	26779.8	   	   	5.3	5.3	2.1	3.2	2.1	3.3	
02/04/2025	20:10:44	1.14	1.15	26779.6	   	   	5.3	5.3	2.1	3.2	2.1	3.3	
02/04/2025	20:00:44	1.15	1.17	26779.5	   	   	5.3	5.4	2.1	3.2	2.2	3.3	
02/04/2025	19:50:44	1.17	1.17	26779.3	   	   	5.4	5.4	2.2	3.2	2.2	3.3	
02/04/2025	19:40:44	1.15	1.17	26779.1	   	   	5.3	5.4	2.1	3.3	2.1	3.3	
02/04/2025	19:30:44	1.15	1.15	26778.9	   	   	5.3	5.3	2.1	3.2	2.1	3.3	
02/04/2025	19:20:44	1.15	1.15	26778.7	   	   	5.3	5.3	2.1	3.2	2.1	3.3	
02/04/2025	19:10:44	1.14	1.15	26778.5	   	   	5.3	5.3	2.1	3.2	2.1	3.3	
02/04/2025	19:00:44	1.15	1.15	26778.3	   	   	5.3	5.3	2.1	3.2	2.1	3.3	
02/04/2025	18:50:44	1.15	1.15	26778.1	   	   	5.3	5.3	2.1	3.2	2.1	3.3	
02/04/2025	18:40:44	1.15	1.15	26777.9	   	   	5.3	5.3	2.1	3.2	2.1	3.3	
02/04/2025	18:30:44	1.14	1.15	26777.8	   	   	5.3	5.3	2.1	3.2	2.1	3.2	
02/04/2025	18:20:44	1.15	1.15	26777.6	   	   	5.3	5.3	2.1	3.2	2.1	3.2	
02/04/2025	18:10:44	1.15	1.15	26777.4	   	   	5.3	5.3	2.1	3.2	2.1	3.2	
02/04/2025	18:00:44	1.15	1.15	26777.2	   	   	5.3	5.3	2.1	3.2	2.1	3.2	
02/04/2025	17:50:44	1.15	1.15	26777.0	   	   	5.3	5.3	2.1	3.2	2.1	3.3	
02/04/2025	17:40:44	1.14	1.15	26776.8	   	   	5.3	5.3	2.1	3.2	2.1	3.3	
02/04/2025	17:30:44	1.14	1.15	26776.6	   	   	5.3	5.3	2.1	3.2	2.1	3.2	
02/04/2025	17:20:44	1.14	1.15	26776.4	   	   	5.3	5.3	2.1	3.2	2.1	3.2	
02/04/2025	17:10:44	1.15	1.15	26776.3	   	   	5.3	5.3	2.1	3.2	2.1	3.2	
02/04/2025	17:00:44	1.15	1.15	26776.1	   	   	5.3	5.3	2.1	3.2	2.1	3.2	
02/04/2025	16:50:43	1.15	1.15	26775.9	   	   	5.3	5.3	2.1	3.2	2.1	3.2	
02/04/2025	16:40:43	1.12	1.15	26775.7	   	   	5.2	5.3	2.1	3.2	2.1	3.2	
02/04/2025	16:30:43	1.12	1.15	26775.5	   	   	5.2	5.3	2.1	3.2	2.1	3.2	
02/04/2025	16:20:43	1.12	1.15	26775.3	   	   	5.2	5.3	2.1	3.2	2.1	3.2	
02/04/2025	16:10:43	1.12	1.17	26775.1	   	   	5.2	5.4	2.1	3.2	2.2	3.2	
02/04/2025	16:00:43	1.15	1.17	26774.9	   	   	5.3	5.4	2.2	3.2	2.2	3.2	
02/04/2025	15:50:43	1.15	1.15	26774.8	   	   	5.3	5.3	2.1	3.2	2.1	3.2	
02/04/2025	15:40:43	1.15	1.17	26774.6	   	   	5.3	5.4	2.1	3.2	2.2	3.2	
02/04/2025	15:30:43	1.12	1.15	26774.4	   	   	5.2	5.3	2.1	3.2	2.1	3.2	
02/04/2025	15:20:43	1.12	1.15	26774.2	   	   	5.2	5.3	2.1	3.2	2.1	3.2	
02/04/2025	15:10:43	1.15	1.15	26774.0	   	   	5.3	5.3	2.1	3.2	2.1	3.2	
02/04/2025	15:00:43	1.12	1.17	26773.8	   	   	5.2	5.4	2.1	3.2	2.2	3.2	
02/04/2025	14:50:43	1.12	1.15	26773.6	   	   	5.2	5.3	2.1	3.2	2.1	3.3	
02/04/2025	14:40:43	1.15	1.15	26773.4	   	   	5.3	5.3	2.1	3.2	2.1	3.3	
02/04/2025	14:30:43	1.12	1.15	26773.3	   	   	5.2	5.3	2.1	3.2	2.1	3.2	
02/04/2025	14:20:43	1.15	1.15	26773.1	   	   	5.3	5.3	2.1	3.2	2.1	3.2	
02/04/2025	14:10:43	1.15	1.15	26772.9	   	   	5.3	5.3	2.1	3.2	2.1	3.2	
02/04/2025	14:00:43	1.12	1.15	26772.7	   	   	5.2	5.3	2.1	3.2	2.1	3.2	
02/04/2025	13:50:43	1.14	1.15	26772.5	   	   	5.3	5.3	2.1	3.2	2.1	3.2	
02/04/2025	13:40:43	1.15	1.15	26772.3	   	   	5.3	5.3	2.1	3.2	2.1	3.3	
02/04/2025	13:30:43	1.15	1.15	26772.1	   	   	5.3	5.3	2.1	3.2	2.1	3.2	
02/04/2025	13:20:42	1.14	1.15	26771.9	   	   	5.3	5.3	2.1	3.2	2.1	3.2	
02/04/2025	13:10:42	1.15	1.15	26771.8	   	   	5.3	5.3	2.1	3.2	2.1	3.3	
02/04/2025	13:00:42	1.15	1.15	26771.6	   	   	5.3	5.3	2.1	3.2	2.1	3.2	
02/04/2025	12:50:42	1.15	1.15	26771.4	   	   	5.3	5.3	2.1	3.2	2.1	3.3	
02/04/2025	12:40:42	1.15	1.15	26771.2	   	   	5.3	5.3	2.1	3.2	2.1	3.3	
02/04/2025	12:30:42	1.15	1.15	26771.0	   	   	5.3	5.3	2.1	3.2	2.1	3.2	
02/04/2025	12:20:42	1.15	1.15	26770.8	   	   	5.3	5.3	2.1	3.2	2.1	3.2	
02/04/2025	12:10:42	1.14	1.15	26770.6	   	   	5.3	5.3	2.1	3.2	2.1	3.2	
02/04/2025	12:00:42	1.15	1.15	26770.4	   	   	5.3	5.3	2.1	3.2	2.1	3.2	
02/04/2025	11:50:42	1.12	1.15	26770.3	   	   	5.2	5.3	2.1	3.2	2.1	3.2	
02/04/2025	11:40:42	1.15	1.15	26770.1	   	   	5.3	5.3	2.1	3.2	2.1	3.2	
02/04/2025	11:30:42	1.12	1.15	26769.9	   	   	5.2	5.3	2.1	3.2	2.1	3.2	
02/04/2025	11:20:42	1.12	1.15	26769.7	   	   	5.2	5.3	2.1	3.2	2.1	3.2	
02/04/2025	11:10:42	1.12	1.15	26769.5	   	   	5.2	5.3	2.1	3.2	2.1	3.2	
02/04/2025	11:00:42	1.12	1.15	26769.3	   	   	5.2	5.3	2.1	3.2	2.1	3.2	
02/04/2025	10:50:42	1.12	1.15	26769.1	   	   	5.2	5.3	2.1	3.2	2.1	3.2	
02/04/2025	10:40:42	1.12	1.15	26768.9	   	   	5.2	5.3	2.1	3.2	2.1	3.2	
02/04/2025	10:30:42	1.12	1.15	26768.8	   	   	5.2	5.3	2.1	3.2	2.1	3.2	
02/04/2025	10:20:42	1.12	1.15	26768.6	   	   	5.2	5.3	2.1	3.2	2.1	3.2	
02/04/2025	10:10:42	1.12	1.15	26768.4	   	   	5.2	5.3	2.1	3.2	2.1	3.2	
02/04/2025	10:00:42	1.12	1.15	26768.2	   	   	5.2	5.3	2.1	3.2	2.1	3.2	
02/04/2025	09:50:42	1.12	1.15	26768.0	   	   	5.2	5.3	2.1	3.2	2.1	3.2	
02/04/2025	09:40:41	1.12	1.15	26767.8	   	   	5.2	5.3	2.1	3.2	2.1	3.2	
02/04/2025	09:30:41	1.12	1.12	26767.6	   	   	5.2	5.2	2.1	3.2	2.1	3.2	
02/04/2025	09:20:41	1.12	1.12	26767.5	   	   	5.2	5.2	2.1	3.2	2.1	3.2	
02/04/2025	09:10:41	1.12	1.12	26767.3	   	   	5.2	5.2	2.1	3.2	2.1	3.2	
02/04/2025	09:00:41	1.12	1.12	26767.1	   	   	5.2	5.2	2.1	3.2	2.1	3.2	
02/04/2025	08:50:41	1.12	1.12	26766.9	   	   	5.2	5.2	2.1	3.2	2.1	3.2	
02/04/2025	08:40:41	1.12	1.12	26766.7	   	   	5.2	5.2	2.1	3.1	2.1	3.2	
02/04/2025	08:30:41	1.12	1.12	26766.5	   	   	5.2	5.2	2.1	3.1	2.1	3.2	
02/04/2025	08:20:41	1.12	1.12	26766.3	   	   	5.2	5.2	2.1	3.1	2.1	3.2	
02/04/2025	08:10:41	1.12	1.12	26766.2	   	   	5.2	5.2	2.1	3.1	2.1	3.2	
02/04/2025	08:00:41	1.12	1.12	26766.0	   	   	5.2	5.2	2.1	3.1	2.1	3.2	
02/04/2025	07:50:41	1.12	1.12	26765.8	   	   	5.2	5.2	2.1	3.1	2.1	3.2	
02/04/2025	07:40:41	1.12	1.12	26765.6	   	   	5.2	5.2	2.1	3.1	2.1	3.2	
02/04/2025	07:30:41	1.12	1.12	26765.4	   	   	5.2	5.2	2.1	3.1	2.1	3.1	
02/04/2025	07:20:41	1.10	1.12	26765.2	   	   	5.1	5.2	2.1	3.1	2.1	3.1	
02/04/2025	07:10:41	1.10	1.12	26765.0	   	   	5.1	5.2	2.1	3.1	2.1	3.1	
02/04/2025	07:00:41	1.10	1.12	26764.9	   	   	5.1	5.2	2.1	3.1	2.1	3.1	
02/04/2025	06:50:41	1.10	1.12	26764.7	   	   	5.1	5.2	2.1	3.1	2.1	3.1	
02/04/2025	06:40:41	1.10	1.12	26764.5	   	   	5.1	5.2	2.1	3.1	2.1	3.1	
02/04/2025	06:30:41	1.10	1.12	26764.3	   	   	5.1	5.2	2.1	3.1	2.1	3.1	
02/04/2025	06:20:41	1.10	1.12	26764.1	   	   	5.1	5.2	2.1	3.1	2.1	3.1	
02/04/2025	06:10:40	1.10	1.10	26764.0	   	   	5.1	5.1	2.1	3.1	2.1	3.1	
02/04/2025	06:00:40	1.10	1.10	26763.8	   	   	5.1	5.1	2.1	3.1	2.1	3.1	
02/04/2025	05:50:40	1.10	1.10	26763.6	   	   	5.1	5.1	2.1	3.1	2.1	3.1	
02/04/2025	05:40:40	1.10	1.12	26763.4	   	   	5.1	5.2	2.1	3.0	2.1	3.1	
02/04/2025	05:30:40	1.10	1.10	26763.2	   	   	5.1	5.1	2.1	3.0	2.1	3.1	
02/04/2025	05:20:40	1.10	1.10	26763.0	   	   	5.1	5.1	2.1	3.0	2.1	3.1	
02/04/2025	05:10:40	1.10	1.10	26762.9	   	   	5.1	5.1	2.1	3.0	2.1	3.1	
02/04/2025	05:00:40	1.10	1.10	26762.7	   	   	5.1	5.1	2.1	3.0	2.1	3.1	
02/04/2025	04:50:40	1.10	1.10	26762.5	   	   	5.1	5.1	2.1	3.0	2.1	3.1	
02/04/2025	04:40:40	1.07	1.10	26762.3	   	   	5.0	5.1	2.1	3.0	2.1	3.1	
02/04/2025	04:30:40	1.08	1.10	26762.1	   	   	5.0	5.1	2.1	3.0	2.1	3.1	
02/04/2025	04:20:40	1.08	1.10	26762.0	   	   	5.0	5.1	2.1	3.0	2.1	3.1	
02/04/2025	04:10:40	1.08	1.10	26761.8	   	   	5.0	5.1	2.1	3.0	2.1	3.1	
02/04/2025	04:00:40	1.07	1.10	26761.6	   	   	5.0	5.1	2.1	3.0	2.1	3.0	
02/04/2025	03:50:40	1.08	1.10	26761.4	   	   	5.0	5.1	2.1	3.0	2.1	3.1	
02/04/2025	03:40:40	1.10	1.10	26761.2	   	   	5.1	5.1	2.1	3.0	2.1	3.1	
02/04/2025	03:30:40	1.08	1.10	26761.1	   	   	5.0	5.1	2.1	3.0	2.1	3.0	
02/04/2025	03:20:40	1.10	1.10	26760.9	   	   	5.1	5.1	2.1	3.0	2.1	3.0	
02/04/2025	03:10:40	1.08	1.10	26760.7	   	   	5.0	5.1	2.1	3.0	2.1	3.1	
02/04/2025	03:00:40	1.10	1.10	26760.5	   	   	5.1	5.1	2.1	3.0	2.1	3.1	
02/04/2025	02:50:40	1.10	1.10	26760.4	   	   	5.1	5.1	2.1	3.0	2.1	3.1	
02/04/2025	02:40:39	1.10	1.10	26760.2	   	   	5.1	5.1	2.1	3.0	2.1	3.1	
02/04/2025	02:30:39	1.10	1.10	26760.0	   	   	5.1	5.1	2.1	3.0	2.1	3.1	
02/04/2025	02:20:39	1.10	1.10	26759.8	   	   	5.1	5.1	2.1	3.0	2.1	3.1	
02/04/2025	02:10:39	1.10	1.10	26759.6	   	   	5.1	5.1	2.1	3.0	2.1	3.1	
02/04/2025	02:00:39	1.10	1.10	26759.4	   	   	5.1	5.1	2.1	3.0	2.1	3.1	
02/04/2025	01:50:39	1.10	1.10	26759.3	   	   	5.1	5.1	2.1	3.0	2.1	3.1	
02/04/2025	01:40:39	1.10	1.10	26759.1	   	   	5.1	5.1	2.1	3.0	2.1	3.1	
02/04/2025	01:30:39	1.10	1.10	26758.9	   	   	5.1	5.1	2.1	3.1	2.1	3.1	
02/04/2025	01:20:39	1.10	1.10	26758.7	   	   	5.1	5.1	2.1	3.0	2.1	3.1	
02/04/2025	01:10:39	1.10	1.10	26758.5	   	   	5.1	5.1	2.1	3.0	2.1	3.1	
02/04/2025	01:00:39	1.10	1.10	26758.4	   	   	5.1	5.1	2.1	3.1	2.1	3.1	
02/04/2025	00:50:39	1.10	1.12	26758.2	   	   	5.1	5.2	2.1	3.1	2.1	3.1	
02/04/2025	00:40:39	1.10	1.12	26758.0	   	   	5.1	5.2	2.1	3.1	2.1	3.2	
02/04/2025	00:30:39	1.10	1.12	26757.8	   	   	5.1	5.2	2.1	3.1	2.1	3.1	
02/04/2025	00:20:39	1.10	1.12	26757.6	   	   	5.1	5.2	2.1	3.1	2.1	3.1	
02/04/2025	00:10:39	1.10	1.12	26757.5	   	   	5.1	5.2	2.1	3.1	2.1	3.1	
02/04/2025	00:00:39	1.10	1.12	26757.3	   	   	5.1	5.2	2.1	3.1	2.1	3.1	
02/03/2025	23:50:39	1.10	1.12	26757.1	   	   	5.1	5.2	2.1	3.1	2.1	3.1	
02/03/2025	23:40:39	1.12	1.12	26756.9	   	   	5.2	5.2	2.1	3.1	2.1	3.2	
02/03/2025	23:30:39	1.12	1.12	26756.7	   	   	5.2	5.2	2.1	3.1	2.1	3.2	
02/03/2025	23:20:39	1.12	1.12	26756.5	   	   	5.2	5.2	2.1	3.1	2.1	3.2	
02/03/2025	23:10:38	1.12	1.12	26756.4	   	   	5.2	5.2	2.1	3.1	2.1	3.2	
02/03/2025	23:00:38	1.12	1.12	26756.2	   	   	5.2	5.2	2.1	3.1	2.1	3.2	
02/03/2025	22:50:38	1.12	1.12	26756.0	   	   	5.2	5.2	2.1	3.1	2.1	3.2	
02/03/2025	22:40:38	1.12	1.14	26755.8	   	   	5.2	5.3	2.1	3.2	2.1	3.2	
02/03/2025	22:30:38	1.12	1.12	26755.6	   	   	5.2	5.2	2.1	3.2	2.1	3.2	
02/03/2025	22:20:38	1.12	1.15	26755.4	   	   	5.2	5.3	2.1	3.2	2.1	3.2	
02/03/2025	22:10:38	1.12	1.15	26755.2	   	   	5.2	5.3	2.1	3.2	2.1	3.2	
02/03/2025	22:00:38	1.12	1.15	26755.1	   	   	5.2	5.3	2.1	3.2	2.1	3.2	
02/03/2025	21:50:38	1.12	1.15	26754.9	   	   	5.2	5.3	2.1	3.2	2.1	3.2	
02/03/2025	21:40:38	1.12	1.15	26754.7	   	   	5.2	5.3	2.1	3.2	2.1	3.2	
02/03/2025	21:30:38	1.14	1.15	26754.5	   	   	5.3	5.3	2.1	3.2	2.1	3.2	
02/03/2025	21:20:38	1.15	1.15	26754.3	   	   	5.3	5.3	2.1	3.2	2.1	3.3	
02/03/2025	21:10:38	1.14	1.15	26754.1	   	   	5.3	5.3	2.1	3.2	2.1	3.3	
02/03/2025	21:00:38	1.15	1.15	26753.9	   	   	5.3	5.3	2.1	3.2	2.1	3.3	
02/03/2025	20:50:38	1.14	1.15	26753.7	   	   	5.3	5.3	2.1	3.2	2.1	3.3	
02/03/2025	20:40:38	1.15	1.15	26753.6	   	   	5.3	5.3	2.1	3.2	2.1	3.3	
02/03/2025	20:30:38	1.15	1.15	26753.4	   	   	5.3	5.3	2.1	3.2	2.1	3.3	
02/03/2025	20:20:38	1.15	1.15	26753.2	   	   	5.3	5.3	2.1	3.2	2.1	3.3	
02/03/2025	20:10:38	1.14	1.15	26753.0	   	   	5.3	5.3	2.1	3.2	2.1	3.3	
02/03/2025	20:00:38	1.14	1.15	26752.8	   	   	5.3	5.3	2.1	3.2	2.1	3.3	
02/03/2025	19:50:38	1.15	1.15	26752.6	   	   	5.3	5.3	2.1	3.2	2.1	3.3	
02/03/2025	19:40:38	1.15	1.15	26752.4	   	   	5.3	5.3	2.1	3.2	2.1	3.3	
02/03/2025	19:30:37	1.14	1.15	26752.2	   	   	5.3	5.3	2.1	3.2	2.1	3.2	
02/03/2025	19:20:37	1.14	1.15	26752.0	   	   	5.3	5.3	2.1	3.2	2.1	3.3	
02/03/2025	19:10:37	1.14	1.15	26751.9	   	   	5.3	5.3	2.1	3.2	2.1	3.3	
02/03/2025	19:00:37	1.15	1.15	26751.7	   	   	5.3	5.3	2.1	3.2	2.1	3.2	
02/03/2025	18:50:37	1.14	1.15	26751.5	   	   	5.3	5.3	2.1	3.2	2.1	3.2	
02/03/2025	18:40:37	1.14	1.15	26751.3	   	   	5.3	5.3	2.1	3.2	2.1	3.3	
02/03/2025	18:30:37	1.15	1.15	26751.1	   	   	5.3	5.3	2.1	3.2	2.1	3.2	
02/03/2025	18:20:37	1.12	1.15	26750.9	   	   	5.2	5.3	2.1	3.2	2.1	3.2	
02/03/2025	18:10:37	1.12	1.15	26750.7	   	   	5.2	5.3	2.1	3.2	2.1	3.3	
02/03/2025	18:00:37	1.12	1.15	26750.5	   	   	5.2	5.3	2.1	3.2	2.1	3.2	
02/03/2025	17:50:37	1.12	1.15	26750.4	   	   	5.2	5.3	2.1	3.2	2.1	3.2	
02/03/2025	17:40:37	1.12	1.15	26750.2	   	   	5.2	5.3	2.1	3.2	2.1	3.2	
02/03/2025	17:30:37	1.12	1.15	26750.0	   	   	5.2	5.3	2.1	3.2	2.1	3.2	
02/03/2025	17:20:37	1.12	1.15	26749.8	   	   	5.2	5.3	2.1	3.2	2.1	3.2	
02/03/2025	17:10:37	1.12	1.15	26749.6	   	   	5.2	5.3	2.1	3.2	2.1	3.2	
02/03/2025	17:00:37	1.12	1.15	26749.4	   	   	5.2	5.3	2.1	3.2	2.1	3.2	
02/03/2025	16:50:37	1.12	1.15	26749.2	   	   	5.2	5.3	2.1	3.2	2.1	3.2	
02/03/2025	16:40:37	1.12	1.15	26749.1	   	   	5.2	5.3	2.1	3.2	2.1	3.2	
02/03/2025	16:30:37	1.12	1.15	26748.9	   	   	5.2	5.3	2.1	3.2	2.1	3.2	
02/03/2025	16:20:37	1.12	1.15	26748.7	   	   	5.2	5.3	2.1	3.2	2.1	3.2	
02/03/2025	16:10:37	1.12	1.15	26748.5	   	   	5.2	5.3	2.1	3.2	2.1	3.2	
02/03/2025	16:00:36	1.12	1.15	26748.3	   	   	5.2	5.3	2.1	3.2	2.1	3.2	
02/03/2025	15:50:36	1.12	1.15	26748.1	   	   	5.2	5.3	2.1	3.2	2.1	3.2	
02/03/2025	15:40:36	1.12	1.17	26747.9	   	   	5.2	5.4	2.1	3.2	2.2	3.2	
02/03/2025	15:30:36	1.14	1.15	26747.7	   	   	5.3	5.3	2.2	3.2	2.2	3.2	
02/03/2025	15:20:36	1.12	1.15	26747.6	   	   	5.2	5.3	2.1	3.2	2.1	3.2	
02/03/2025	15:10:36	1.12	1.15	26747.4	   	   	5.2	5.3	2.1	3.2	2.1	3.2	
02/03/2025	15:00:36	1.12	1.15	26747.2	   	   	5.2	5.3	2.1	3.2	2.1	3.2	
02/03/2025	14:50:36	1.12	1.17	26747.0	   	   	5.2	5.4	2.1	3.2	2.2	3.2	
02/03/2025	14:40:36	1.15	1.17	26746.8	   	   	5.3	5.4	2.2	3.2	2.2	3.2	
02/03/2025	14:30:36	1.12	1.15	26746.6	   	   	5.2	5.3	2.1	3.2	2.1	3.2	
02/03/2025	14:20:36	1.12	1.17	26746.4	   	   	5.2	5.4	2.1	3.2	2.2	3.2	
02/03/2025	14:10:36	1.12	1.15	26746.2	   	   	5.2	5.3	2.1	3.2	2.1	3.2	
02/03/2025	14:00:36	1.12	1.17	26746.1	   	   	5.2	5.4	2.1	3.2	2.2	3.2	
02/03/2025	13:50:36	1.15	1.17	26745.9	   	   	5.3	5.4	2.2	3.2	2.2	3.2	
02/03/2025	13:40:36	1.15	1.15	26745.7	   	   	5.3	5.3	2.1	3.2	2.1	3.3	
02/03/2025	13:30:36	1.14	1.17	26745.5	   	   	5.3	5.4	2.1	3.2	2.2	3.2	
02/03/2025	13:20:36	1.14	1.15	26745.3	   	   	5.3	5.3	2.1	3.2	2.1	3.2	
02/03/2025	13:10:36	1.15	1.17	26745.1	   	   	5.3	5.4	2.1	3.2	2.2	3.2	
02/03/2025	13:00:36	1.15	1.17	26744.9	   	   	5.3	5.4	2.2	3.2	2.2	3.2	
02/03/2025	12:50:36	1.15	1.17	26744.7	   	   	5.3	5.4	2.1	3.2	2.2	3.2	
02/03/2025	12:40:36	1.15	1.17	26744.6	   	   	5.3	5.4	2.2	3.2	2.2	3.3	
02/03/2025	12:30:36	1.12	1.15	26744.4	   	   	5.2	5.3	2.1	3.2	2.1	3.2	
02/03/2025	12:20:36	1.12	1.15	26744.2	   	   	5.2	5.3	2.1	3.2	2.1	3.2	
02/03/2025	12:10:35	1.12	1.15	26744.0	   	   	5.2	5.3	2.1	3.2	2.1	3.2	
02/03/2025	12:00:35	1.12	1.15	26743.8	   	   	5.2	5.3	2.1	3.2	2.1	3.2	
02/03/2025	11:50:35	1.12	1.15	26743.6	   	   	5.2	5.3	2.1	3.2	2.1	3.2	
02/03/2025	11:40:35	1.12	1.15	26743.4	   	   	5.2	5.3	2.1	3.2	2.1	3.2	
02/03/2025	11:30:35	1.12	1.15	26743.2	   	   	5.2	5.3	2.1	3.2	2.1	3.2	
02/03/2025	11:20:35	1.12	1.15	26743.1	   	   	5.2	5.3	2.1	3.2	2.1	3.2	
02/03/2025	11:10:35	1.12	1.15	26742.9	   	   	5.2	5.3	2.1	3.2	2.1	3.2	
02/03/2025	11:00:35	1.12	1.15	26742.7	   	   	5.2	5.3	2.1	3.2	2.1	3.2	
