Network Management Card AOS v6.9.6
RPDU 2g APP v6.9.6
NMC Serial Number: 0A2110G04928

Model Number: AP8853
RPDU Serial Number: 0A2110G05188
Hardware Revision: 02
NMC BM Version: 1.0.9

Date     	Time     	Name	Contact	Location	System IP
02/10/2025	17:54:56	apc488888	Unknown	Unknown	0.0.0.0

		RPDU 1* (SN:0A2110G05188)   	   	   	   	   	   	   	Bank I.A	   	Bank I Max.A	   	
Date	Time	Pwr.kW	Pwr Max.kW	Energy.kWh	Temp.C	Hum.%RH	Ph I.A	Ph I Max.A	1	2	1	2
02/10/2025	17:54:56	0.63	0.63	12679.9	   	   	3.0	3.0	2.9	0.0	2.9	0.0	
02/10/2025	17:44:56	0.63	0.63	12679.8	   	   	3.0	3.0	2.9	0.0	2.9	0.0	
02/10/2025	17:34:56	0.63	0.63	12679.7	   	   	3.0	3.0	2.9	0.0	2.9	0.0	
02/10/2025	17:24:56	0.63	0.63	12679.6	   	   	3.0	3.0	2.9	0.0	2.9	0.0	
02/10/2025	17:14:56	0.63	0.63	12679.5	   	   	3.0	3.0	2.9	0.0	2.9	0.0	
02/10/2025	17:04:56	0.63	0.63	12679.3	   	   	3.0	3.0	2.9	0.0	2.9	0.0	
02/10/2025	16:54:56	0.63	0.63	12679.2	   	   	3.0	3.0	2.9	0.0	2.9	0.0	
02/10/2025	16:44:56	0.63	0.63	12679.1	   	   	3.0	3.0	2.9	0.0	2.9	0.0	
02/10/2025	16:34:56	0.63	0.63	12679.0	   	   	3.0	3.0	2.9	0.0	2.9	0.0	
02/10/2025	16:24:56	0.63	0.63	12678.9	   	   	3.0	3.0	2.9	0.0	2.9	0.0	
02/10/2025	16:14:56	0.63	0.63	12678.8	   	   	3.0	3.0	2.9	0.0	2.9	0.0	
02/10/2025	16:04:55	0.63	0.63	12678.7	   	   	3.0	3.0	2.9	0.0	2.9	0.0	
02/10/2025	15:54:55	0.63	0.63	12678.6	   	   	3.0	3.0	2.9	0.0	2.9	0.0	
02/10/2025	15:44:55	0.63	0.63	12678.5	   	   	3.0	3.0	2.9	0.0	2.9	0.0	
02/10/2025	15:34:55	0.63	0.63	12678.4	   	   	3.0	3.0	2.9	0.0	2.9	0.0	
02/10/2025	15:24:55	0.63	0.63	12678.3	   	   	3.0	3.0	2.9	0.0	2.9	0.0	
02/10/2025	15:14:55	0.63	0.63	12678.2	   	   	3.0	3.0	2.9	0.0	2.9	0.0	
02/10/2025	15:04:55	0.63	0.63	12678.1	   	   	3.0	3.0	2.9	0.0	2.9	0.0	
02/10/2025	14:54:55	0.63	0.63	12678.0	   	   	3.0	3.0	2.9	0.0	2.9	0.0	
02/10/2025	14:44:55	0.63	0.63	12677.9	   	   	3.0	3.0	2.9	0.0	2.9	0.0	
02/10/2025	14:34:55	0.63	0.63	12677.8	   	   	3.0	3.0	2.9	0.0	2.9	0.0	
02/10/2025	14:24:55	0.63	0.63	12677.7	   	   	3.0	3.0	2.9	0.0	2.9	0.0	
02/10/2025	14:14:55	0.63	0.63	12677.6	   	   	3.0	3.0	2.9	0.0	2.9	0.0	
02/10/2025	14:04:55	0.63	0.63	12677.5	   	   	3.0	3.0	2.9	0.0	2.9	0.0	
02/10/2025	13:54:55	0.63	0.63	12677.4	   	   	3.0	3.0	2.9	0.0	2.9	0.0	
02/10/2025	13:44:55	0.63	0.63	12677.3	   	   	3.0	3.0	2.9	0.0	2.9	0.0	
02/10/2025	13:34:54	0.63	0.63	12677.2	   	   	3.0	3.0	2.9	0.0	2.9	0.0	
02/10/2025	13:24:54	0.63	0.63	12677.1	   	   	3.0	3.0	2.9	0.0	2.9	0.0	
02/10/2025	13:14:54	0.63	0.63	12677.0	   	   	3.0	3.0	2.9	0.0	2.9	0.0	
02/10/2025	13:04:54	0.63	0.63	12676.9	   	   	3.0	3.0	2.9	0.0	2.9	0.0	
02/10/2025	12:54:54	0.63	0.63	12676.8	   	   	3.0	3.0	2.9	0.0	2.9	0.0	
02/10/2025	12:44:54	0.63	0.63	12676.7	   	   	3.0	3.0	2.9	0.0	2.9	0.0	
02/10/2025	12:34:54	0.63	0.63	12676.6	   	   	3.0	3.0	2.9	0.0	2.9	0.0	
02/10/2025	12:24:54	0.63	0.63	12676.5	   	   	3.0	3.0	2.9	0.0	2.9	0.0	
02/10/2025	12:14:54	0.63	0.63	12676.4	   	   	3.0	3.0	2.9	0.0	2.9	0.0	
02/10/2025	12:04:54	0.63	0.63	12676.3	   	   	3.0	3.0	2.9	0.0	2.9	0.0	
02/10/2025	11:54:54	0.63	0.63	12676.2	   	   	3.0	3.0	2.9	0.0	2.9	0.0	
02/10/2025	11:44:54	0.63	0.63	12676.1	   	   	3.0	3.0	2.9	0.0	2.9	0.0	
02/10/2025	11:34:54	0.63	0.63	12676.0	   	   	3.0	3.0	2.9	0.0	2.9	0.0	
02/10/2025	11:24:54	0.63	0.63	12675.9	   	   	3.0	3.0	2.9	0.0	2.9	0.0	
02/10/2025	11:14:54	0.63	0.63	12675.8	   	   	3.0	3.0	2.9	0.0	2.9	0.0	
02/10/2025	11:04:54	0.63	0.63	12675.7	   	   	3.0	3.0	2.9	0.0	2.9	0.0	
02/10/2025	10:54:54	0.63	0.63	12675.6	   	   	3.0	3.0	2.9	0.0	2.9	0.0	
02/10/2025	10:44:54	0.63	0.63	12675.5	   	   	3.0	3.0	2.9	0.0	2.9	0.0	
02/10/2025	10:34:54	0.63	0.63	12675.4	   	   	3.0	3.0	2.9	0.0	2.9	0.0	
02/10/2025	10:24:53	0.63	0.63	12675.3	   	   	3.0	3.0	2.9	0.0	2.9	0.0	
02/10/2025	10:14:53	0.63	0.63	12675.2	   	   	3.0	3.0	2.9	0.0	2.9	0.0	
02/10/2025	10:04:53	0.63	0.63	12675.1	   	   	3.0	3.0	2.9	0.0	2.9	0.0	
02/10/2025	09:54:53	0.63	0.63	12675.0	   	   	3.0	3.0	2.9	0.0	2.9	0.0	
02/10/2025	09:44:53	0.63	0.63	12674.9	   	   	3.0	3.0	2.9	0.0	2.9	0.0	
02/10/2025	09:34:53	0.63	0.63	12674.8	   	   	3.0	3.0	2.9	0.0	2.9	0.0	
02/10/2025	09:24:53	0.63	0.63	12674.6	   	   	3.0	3.0	2.9	0.0	2.9	0.0	
02/10/2025	09:14:53	0.63	0.63	12674.5	   	   	3.0	3.0	2.9	0.0	2.9	0.0	
02/10/2025	09:04:53	0.63	0.63	12674.4	   	   	3.0	3.0	2.9	0.0	2.9	0.0	
02/10/2025	08:54:53	0.63	0.63	12674.3	   	   	3.0	3.0	2.9	0.0	2.9	0.0	
02/10/2025	08:44:53	0.63	0.63	12674.2	   	   	3.0	3.0	2.9	0.0	2.9	0.0	
02/10/2025	08:34:53	0.63	0.63	12674.1	   	   	3.0	3.0	2.9	0.0	2.9	0.0	
02/10/2025	08:24:53	0.63	0.63	12674.0	   	   	3.0	3.0	2.9	0.0	2.9	0.0	
02/10/2025	08:14:53	0.63	0.63	12673.9	   	   	3.0	3.0	2.9	0.0	2.9	0.0	
02/10/2025	08:04:53	0.63	0.63	12673.8	   	   	3.0	3.0	2.9	0.0	2.9	0.0	
02/10/2025	07:54:53	0.63	0.63	12673.7	   	   	3.0	3.0	2.9	0.0	2.9	0.0	
02/10/2025	07:44:53	0.63	0.65	12673.6	   	   	3.0	3.1	2.9	0.0	3.0	0.0	
02/10/2025	07:34:53	0.63	0.63	12673.5	   	   	3.0	3.0	2.9	0.0	2.9	0.0	
02/10/2025	07:24:52	0.63	0.65	12673.4	   	   	3.0	3.1	2.9	0.0	3.0	0.0	
02/10/2025	07:14:52	0.63	0.63	12673.3	   	   	3.0	3.0	2.9	0.0	3.0	0.0	
02/10/2025	07:04:52	0.63	0.65	12673.2	   	   	3.0	3.1	2.9	0.0	3.0	0.0	
02/10/2025	06:54:52	0.63	0.65	12673.1	   	   	3.0	3.1	2.9	0.0	3.0	0.0	
02/10/2025	06:44:52	0.65	0.65	12673.0	   	   	3.1	3.1	3.0	0.0	3.0	0.0	
02/10/2025	06:34:52	0.63	0.65	12672.9	   	   	3.0	3.1	2.9	0.0	3.0	0.0	
02/10/2025	06:24:52	0.65	0.65	12672.8	   	   	3.1	3.1	3.0	0.0	3.0	0.0	
02/10/2025	06:14:52	0.63	0.65	12672.7	   	   	3.0	3.1	2.9	0.0	3.0	0.0	
02/10/2025	06:04:52	0.63	0.65	12672.6	   	   	3.0	3.1	2.9	0.0	3.0	0.0	
02/10/2025	05:54:52	0.65	0.65	12672.5	   	   	3.1	3.1	3.0	0.0	3.0	0.0	
02/10/2025	05:44:52	0.63	0.65	12672.4	   	   	3.0	3.1	2.9	0.0	3.1	0.0	
02/10/2025	05:34:52	0.63	0.65	12672.3	   	   	3.0	3.1	2.9	0.0	3.0	0.0	
02/10/2025	05:24:52	0.65	0.65	12672.2	   	   	3.1	3.1	3.0	0.0	3.0	0.0	
02/10/2025	05:14:52	0.63	0.65	12672.1	   	   	3.0	3.1	2.9	0.0	3.0	0.0	
02/10/2025	05:04:52	0.63	0.65	12672.0	   	   	3.0	3.1	2.9	0.0	3.0	0.0	
02/10/2025	04:54:51	0.65	0.65	12671.9	   	   	3.1	3.1	3.0	0.0	3.0	0.0	
02/10/2025	04:44:51	0.63	0.65	12671.7	   	   	3.0	3.1	2.9	0.0	3.0	0.0	
02/10/2025	04:34:51	0.63	0.65	12671.6	   	   	3.0	3.1	2.9	0.0	3.0	0.0	
02/10/2025	04:24:51	0.63	0.65	12671.5	   	   	3.0	3.1	2.9	0.0	3.0	0.0	
02/10/2025	04:14:51	0.65	0.65	12671.4	   	   	3.1	3.1	3.0	0.0	3.1	0.0	
02/10/2025	04:04:51	0.63	0.65	12671.3	   	   	3.0	3.1	2.9	0.0	3.0	0.0	
02/10/2025	03:54:51	0.65	0.65	12671.2	   	   	3.1	3.1	3.0	0.0	3.0	0.0	
02/10/2025	03:44:51	0.65	0.65	12671.1	   	   	3.1	3.1	3.0	0.0	3.0	0.0	
02/10/2025	03:34:51	0.63	0.65	12671.0	   	   	3.0	3.1	2.9	0.0	3.0	0.0	
02/10/2025	03:24:51	0.63	0.63	12670.9	   	   	3.0	3.0	2.9	0.0	2.9	0.0	
02/10/2025	03:14:51	0.63	0.65	12670.8	   	   	3.0	3.1	2.9	0.0	3.0	0.0	
02/10/2025	03:04:51	0.63	0.65	12670.7	   	   	3.0	3.1	2.9	0.0	3.0	0.0	
02/10/2025	02:54:51	0.65	0.65	12670.6	   	   	3.1	3.1	3.0	0.0	3.0	0.0	
02/10/2025	02:44:51	0.63	0.65	12670.5	   	   	3.0	3.1	2.9	0.0	3.0	0.0	
02/10/2025	02:34:51	0.63	0.65	12670.4	   	   	3.0	3.1	2.9	0.0	3.0	0.0	
02/10/2025	02:24:51	0.65	0.65	12670.3	   	   	3.1	3.1	3.0	0.0	3.1	0.0	
02/10/2025	02:14:50	0.63	0.65	12670.2	   	   	3.0	3.1	2.9	0.0	3.0	0.0	
02/10/2025	02:04:50	0.63	0.65	12670.1	   	   	3.0	3.1	2.9	0.0	3.0	0.0	
02/10/2025	01:54:50	0.65	0.65	12670.0	   	   	3.1	3.1	3.0	0.0	3.0	0.0	
02/10/2025	01:44:50	0.63	0.65	12669.9	   	   	3.0	3.1	2.9	0.0	3.0	0.0	
02/10/2025	01:34:50	0.63	0.65	12669.8	   	   	3.0	3.1	2.9	0.0	3.0	0.0	
02/10/2025	01:24:50	0.65	0.65	12669.7	   	   	3.1	3.1	3.0	0.0	3.0	0.0	
02/10/2025	01:14:50	0.63	0.65	12669.6	   	   	3.0	3.1	2.9	0.0	3.0	0.0	
02/10/2025	01:04:50	0.63	0.65	12669.4	   	   	3.0	3.1	2.9	0.0	3.0	0.0	
02/10/2025	00:54:50	0.65	0.65	12669.3	   	   	3.1	3.1	3.0	0.0	3.0	0.0	
02/10/2025	00:44:50	0.63	0.65	12669.2	   	   	3.0	3.1	2.9	0.0	3.0	0.0	
02/10/2025	00:34:50	0.63	0.63	12669.1	   	   	3.0	3.0	2.9	0.0	3.0	0.0	
02/10/2025	00:24:50	0.63	0.65	12669.0	   	   	3.0	3.1	2.9	0.0	3.0	0.0	
02/10/2025	00:14:50	0.63	0.65	12668.9	   	   	3.0	3.1	2.9	0.0	3.0	0.0	
02/10/2025	00:04:50	0.65	0.65	12668.8	   	   	3.1	3.1	3.0	0.0	3.0	0.0	
02/09/2025	23:54:50	0.63	0.65	12668.7	   	   	3.0	3.1	2.9	0.0	3.0	0.0	
02/09/2025	23:44:50	0.63	0.65	12668.6	   	   	3.0	3.1	2.9	0.0	3.0	0.0	
02/09/2025	23:34:50	0.65	0.65	12668.5	   	   	3.1	3.1	3.0	0.0	3.0	0.0	
02/09/2025	23:24:50	0.63	0.65	12668.4	   	   	3.0	3.1	2.9	0.0	3.0	0.0	
02/09/2025	23:14:49	0.65	0.65	12668.3	   	   	3.1	3.1	3.0	0.0	3.0	0.0	
02/09/2025	23:04:49	0.63	0.65	12668.2	   	   	3.0	3.1	2.9	0.0	3.0	0.0	
02/09/2025	22:54:49	0.65	0.65	12668.1	   	   	3.1	3.1	3.0	0.0	3.0	0.0	
02/09/2025	22:44:49	0.63	0.63	12668.0	   	   	3.0	3.0	2.9	0.0	3.0	0.0	
02/09/2025	22:34:49	0.63	0.63	12667.9	   	   	3.0	3.0	2.9	0.0	2.9	0.0	
02/09/2025	22:24:49	0.63	0.63	12667.8	   	   	3.0	3.0	2.9	0.0	2.9	0.0	
02/09/2025	22:14:49	0.63	0.63	12667.7	   	   	3.0	3.0	2.9	0.0	2.9	0.0	
02/09/2025	22:04:49	0.63	0.63	12667.6	   	   	3.0	3.0	2.9	0.0	2.9	0.0	
02/09/2025	21:54:49	0.63	0.63	12667.5	   	   	3.0	3.0	2.9	0.0	2.9	0.0	
02/09/2025	21:44:49	0.63	0.63	12667.4	   	   	3.0	3.0	2.9	0.0	2.9	0.0	
02/09/2025	21:34:49	0.63	0.63	12667.3	   	   	3.0	3.0	2.9	0.0	2.9	0.0	
02/09/2025	21:24:49	0.63	0.63	12667.2	   	   	3.0	3.0	2.9	0.0	2.9	0.0	
02/09/2025	21:14:49	0.63	0.63	12667.1	   	   	3.0	3.0	2.9	0.0	2.9	0.0	
02/09/2025	21:04:49	0.63	0.63	12667.0	   	   	3.0	3.0	2.9	0.0	2.9	0.0	
02/09/2025	20:54:49	0.63	0.63	12666.9	   	   	3.0	3.0	2.9	0.0	2.9	0.0	
02/09/2025	20:44:49	0.63	0.63	12666.8	   	   	3.0	3.0	2.9	0.0	2.9	0.0	
02/09/2025	20:34:49	0.63	0.63	12666.6	   	   	3.0	3.0	2.9	0.0	2.9	0.0	
02/09/2025	20:24:48	0.63	0.63	12666.5	   	   	3.0	3.0	2.9	0.0	2.9	0.0	
02/09/2025	20:14:48	0.63	0.63	12666.4	   	   	3.0	3.0	2.9	0.0	2.9	0.0	
02/09/2025	20:04:48	0.63	0.63	12666.3	   	   	3.0	3.0	2.9	0.0	2.9	0.0	
02/09/2025	19:54:48	0.63	0.63	12666.2	   	   	3.0	3.0	2.9	0.0	2.9	0.0	
02/09/2025	19:44:48	0.63	0.63	12666.1	   	   	3.0	3.0	2.9	0.0	2.9	0.0	
02/09/2025	19:34:48	0.63	0.63	12666.0	   	   	3.0	3.0	2.9	0.0	2.9	0.0	
02/09/2025	19:24:48	0.63	0.63	12665.9	   	   	3.0	3.0	2.9	0.0	2.9	0.0	
02/09/2025	19:14:48	0.63	0.63	12665.8	   	   	3.0	3.0	2.9	0.0	2.9	0.0	
02/09/2025	19:04:48	0.63	0.63	12665.7	   	   	3.0	3.0	2.9	0.0	2.9	0.0	
02/09/2025	18:54:48	0.63	0.63	12665.6	   	   	3.0	3.0	2.9	0.0	2.9	0.0	
02/09/2025	18:44:48	0.63	0.63	12665.5	   	   	3.0	3.0	2.9	0.0	2.9	0.0	
02/09/2025	18:34:48	0.63	0.63	12665.4	   	   	3.0	3.0	2.9	0.0	2.9	0.0	
02/09/2025	18:24:48	0.63	0.63	12665.3	   	   	3.0	3.0	2.9	0.0	2.9	0.0	
02/09/2025	18:14:48	0.63	0.63	12665.2	   	   	3.0	3.0	2.9	0.0	2.9	0.0	
02/09/2025	18:04:48	0.63	0.63	12665.1	   	   	3.0	3.0	2.9	0.0	2.9	0.0	
02/09/2025	17:54:48	0.63	0.63	12665.0	   	   	3.0	3.0	2.9	0.0	2.9	0.0	
02/09/2025	17:44:48	0.63	0.63	12664.9	   	   	3.0	3.0	2.9	0.0	2.9	0.0	
02/09/2025	17:34:48	0.63	0.63	12664.8	   	   	3.0	3.0	2.9	0.0	2.9	0.0	
02/09/2025	17:24:47	0.63	0.63	12664.7	   	   	3.0	3.0	2.9	0.0	2.9	0.0	
02/09/2025	17:14:47	0.63	0.63	12664.6	   	   	3.0	3.0	2.9	0.0	2.9	0.0	
02/09/2025	17:04:47	0.63	0.63	12664.5	   	   	3.0	3.0	2.9	0.0	2.9	0.0	
02/09/2025	16:54:47	0.63	0.63	12664.4	   	   	3.0	3.0	2.9	0.0	2.9	0.0	
02/09/2025	16:44:47	0.63	0.63	12664.3	   	   	3.0	3.0	2.9	0.0	2.9	0.0	
02/09/2025	16:34:47	0.63	0.63	12664.2	   	   	3.0	3.0	2.9	0.0	2.9	0.0	
02/09/2025	16:24:47	0.63	0.63	12664.1	   	   	3.0	3.0	2.9	0.0	2.9	0.0	
02/09/2025	16:14:47	0.63	0.63	12664.0	   	   	3.0	3.0	2.9	0.0	2.9	0.0	
02/09/2025	16:04:47	0.63	0.63	12663.9	   	   	3.0	3.0	2.9	0.0	2.9	0.0	
02/09/2025	15:54:47	0.63	0.63	12663.8	   	   	3.0	3.0	2.9	0.0	2.9	0.0	
02/09/2025	15:44:47	0.63	0.63	12663.7	   	   	3.0	3.0	2.9	0.0	2.9	0.0	
02/09/2025	15:34:47	0.63	0.63	12663.6	   	   	3.0	3.0	2.9	0.0	2.9	0.0	
02/09/2025	15:24:47	0.63	0.63	12663.5	   	   	3.0	3.0	2.9	0.0	2.9	0.0	
02/09/2025	15:14:47	0.63	0.63	12663.4	   	   	3.0	3.0	2.9	0.0	2.9	0.0	
02/09/2025	15:04:47	0.63	0.63	12663.3	   	   	3.0	3.0	2.9	0.0	2.9	0.0	
02/09/2025	14:54:47	0.63	0.63	12663.2	   	   	3.0	3.0	2.9	0.0	2.9	0.0	
02/09/2025	14:44:47	0.63	0.63	12663.1	   	   	3.0	3.0	2.9	0.0	2.9	0.0	
02/09/2025	14:34:47	0.63	0.63	12663.0	   	   	3.0	3.0	2.9	0.0	2.9	0.0	
02/09/2025	14:24:46	0.63	0.63	12662.9	   	   	3.0	3.0	2.9	0.0	2.9	0.0	
02/09/2025	14:14:46	0.63	0.63	12662.8	   	   	3.0	3.0	2.9	0.0	2.9	0.0	
02/09/2025	14:04:46	0.63	0.63	12662.7	   	   	3.0	3.0	2.9	0.0	2.9	0.0	
02/09/2025	13:54:46	0.63	0.63	12662.6	   	   	3.0	3.0	2.9	0.0	2.9	0.0	
02/09/2025	13:44:46	0.63	0.63	12662.4	   	   	3.0	3.0	2.9	0.0	2.9	0.0	
02/09/2025	13:34:46	0.63	0.63	12662.3	   	   	3.0	3.0	2.9	0.0	2.9	0.0	
02/09/2025	13:24:46	0.63	0.63	12662.2	   	   	3.0	3.0	2.9	0.0	2.9	0.0	
02/09/2025	13:14:46	0.63	0.63	12662.1	   	   	3.0	3.0	2.9	0.0	2.9	0.0	
02/09/2025	13:04:46	0.63	0.63	12662.0	   	   	3.0	3.0	2.9	0.0	2.9	0.0	
02/09/2025	12:54:46	0.63	0.63	12661.9	   	   	3.0	3.0	2.9	0.0	2.9	0.0	
02/09/2025	12:44:46	0.63	0.63	12661.8	   	   	3.0	3.0	2.9	0.0	2.9	0.0	
02/09/2025	12:34:46	0.63	0.63	12661.7	   	   	3.0	3.0	2.9	0.0	2.9	0.0	
02/09/2025	12:24:46	0.63	0.63	12661.6	   	   	3.0	3.0	2.9	0.0	2.9	0.0	
02/09/2025	12:14:46	0.63	0.63	12661.5	   	   	3.0	3.0	2.9	0.0	2.9	0.0	
02/09/2025	12:04:46	0.63	0.63	12661.4	   	   	3.0	3.0	2.9	0.0	2.9	0.0	
02/09/2025	11:54:46	0.63	0.63	12661.3	   	   	3.0	3.0	2.9	0.0	2.9	0.0	
02/09/2025	11:44:46	0.63	0.63	12661.2	   	   	3.0	3.0	2.9	0.0	2.9	0.0	
02/09/2025	11:34:46	0.63	0.63	12661.1	   	   	3.0	3.0	2.9	0.0	2.9	0.0	
02/09/2025	11:24:46	0.63	0.63	12661.0	   	   	3.0	3.0	2.9	0.0	2.9	0.0	
02/09/2025	11:14:45	0.63	0.63	12660.9	   	   	3.0	3.0	2.9	0.0	2.9	0.0	
02/09/2025	11:04:45	0.63	0.63	12660.8	   	   	3.0	3.0	2.9	0.0	2.9	0.0	
02/09/2025	10:54:45	0.63	0.63	12660.7	   	   	3.0	3.0	2.9	0.0	2.9	0.0	
02/09/2025	10:44:45	0.63	0.63	12660.6	   	   	3.0	3.0	2.9	0.0	2.9	0.0	
02/09/2025	10:34:45	0.63	0.63	12660.5	   	   	3.0	3.0	2.9	0.0	2.9	0.0	
02/09/2025	10:24:45	0.63	0.63	12660.4	   	   	3.0	3.0	2.9	0.0	2.9	0.0	
02/09/2025	10:14:45	0.63	0.63	12660.3	   	   	3.0	3.0	2.9	0.0	2.9	0.0	
02/09/2025	10:04:45	0.63	0.63	12660.2	   	   	3.0	3.0	2.9	0.0	2.9	0.0	
02/09/2025	09:54:45	0.63	0.63	12660.1	   	   	3.0	3.0	2.9	0.0	2.9	0.0	
02/09/2025	09:44:45	0.63	0.63	12660.0	   	   	3.0	3.0	2.9	0.0	2.9	0.0	
02/09/2025	09:34:45	0.63	0.63	12659.9	   	   	3.0	3.0	2.9	0.0	2.9	0.0	
02/09/2025	09:24:45	0.63	0.63	12659.8	   	   	3.0	3.0	2.9	0.0	2.9	0.0	
02/09/2025	09:14:45	0.63	0.63	12659.7	   	   	3.0	3.0	2.9	0.0	2.9	0.0	
02/09/2025	09:04:45	0.63	0.63	12659.6	   	   	3.0	3.0	2.9	0.0	2.9	0.0	
02/09/2025	08:54:45	0.63	0.63	12659.5	   	   	3.0	3.0	2.9	0.0	2.9	0.0	
02/09/2025	08:44:45	0.63	0.63	12659.4	   	   	3.0	3.0	2.9	0.0	2.9	0.0	
02/09/2025	08:34:45	0.63	0.63	12659.3	   	   	3.0	3.0	2.9	0.0	2.9	0.0	
02/09/2025	08:24:44	0.63	0.63	12659.2	   	   	3.0	3.0	2.9	0.0	2.9	0.0	
02/09/2025	08:14:44	0.63	0.63	12659.1	   	   	3.0	3.0	2.9	0.0	2.9	0.0	
02/09/2025	08:04:44	0.63	0.63	12659.0	   	   	3.0	3.0	2.9	0.0	2.9	0.0	
02/09/2025	07:54:44	0.63	0.63	12658.9	   	   	3.0	3.0	2.9	0.0	2.9	0.0	
02/09/2025	07:44:44	0.63	0.63	12658.8	   	   	3.0	3.0	2.9	0.0	2.9	0.0	
02/09/2025	07:34:44	0.63	0.65	12658.7	   	   	3.0	3.1	2.9	0.0	3.0	0.0	
02/09/2025	07:24:44	0.65	0.65	12658.6	   	   	3.1	3.1	3.0	0.0	3.0	0.0	
02/09/2025	07:14:44	0.63	0.63	12658.4	   	   	3.0	3.0	2.9	0.0	3.0	0.0	
02/09/2025	07:04:44	0.63	0.63	12658.3	   	   	3.0	3.0	2.9	0.0	3.0	0.0	
02/09/2025	06:54:44	0.63	0.63	12658.2	   	   	3.0	3.0	2.9	0.0	2.9	0.0	
02/09/2025	06:44:44	0.63	0.65	12658.1	   	   	3.0	3.1	2.9	0.0	3.0	0.0	
02/09/2025	06:34:44	0.63	0.63	12658.0	   	   	3.0	3.0	2.9	0.0	3.0	0.0	
02/09/2025	06:24:44	0.63	0.63	12657.9	   	   	3.0	3.0	2.9	0.0	3.0	0.0	
02/09/2025	06:14:44	0.63	0.63	12657.8	   	   	3.0	3.0	2.9	0.0	2.9	0.0	
02/09/2025	06:04:44	0.63	0.65	12657.7	   	   	3.0	3.1	2.9	0.0	3.0	0.0	
02/09/2025	05:54:44	0.63	0.65	12657.6	   	   	3.0	3.1	2.9	0.0	3.0	0.0	
02/09/2025	05:44:44	0.65	0.65	12657.5	   	   	3.1	3.1	3.0	0.0	3.1	0.0	
02/09/2025	05:34:44	0.63	0.65	12657.4	   	   	3.0	3.1	2.9	0.0	3.0	0.0	
02/09/2025	05:24:43	0.65	0.65	12657.3	   	   	3.1	3.1	3.0	0.0	3.0	0.0	
02/09/2025	05:14:43	0.63	0.65	12657.2	   	   	3.0	3.1	2.9	0.0	3.1	0.0	
02/09/2025	05:04:43	0.63	0.63	12657.1	   	   	3.0	3.0	2.9	0.0	3.0	0.0	
02/09/2025	04:54:43	0.63	0.65	12657.0	   	   	3.0	3.1	2.9	0.0	3.0	0.0	
02/09/2025	04:44:43	0.63	0.65	12656.9	   	   	3.0	3.1	2.9	0.0	3.0	0.0	
02/09/2025	04:34:43	0.65	0.65	12656.8	   	   	3.1	3.1	3.0	0.0	3.0	0.0	
02/09/2025	04:24:43	0.63	0.65	12656.7	   	   	3.0	3.1	2.9	0.0	3.0	0.0	
02/09/2025	04:14:43	0.63	0.65	12656.6	   	   	3.0	3.1	2.9	0.0	3.0	0.0	
02/09/2025	04:04:43	0.65	0.65	12656.5	   	   	3.1	3.1	3.0	0.0	3.0	0.0	
02/09/2025	03:54:43	0.63	0.65	12656.4	   	   	3.0	3.1	2.9	0.0	3.0	0.0	
02/09/2025	03:44:43	0.65	0.65	12656.3	   	   	3.1	3.1	3.0	0.0	3.0	0.0	
02/09/2025	03:34:43	0.63	0.65	12656.2	   	   	3.0	3.1	2.9	0.0	3.0	0.0	
02/09/2025	03:24:43	0.63	0.65	12656.1	   	   	3.0	3.1	2.9	0.0	3.0	0.0	
02/09/2025	03:14:43	0.65	0.65	12656.0	   	   	3.1	3.1	3.0	0.0	3.0	0.0	
02/09/2025	03:04:43	0.63	0.65	12655.8	   	   	3.0	3.1	2.9	0.0	3.0	0.0	
02/09/2025	02:54:43	0.65	0.65	12655.7	   	   	3.1	3.1	3.0	0.0	3.1	0.0	
02/09/2025	02:44:42	0.63	0.65	12655.6	   	   	3.0	3.1	2.9	0.0	3.0	0.0	
02/09/2025	02:34:42	0.63	0.65	12655.5	   	   	3.0	3.1	2.9	0.0	3.0	0.0	
02/09/2025	02:24:42	0.65	0.65	12655.4	   	   	3.1	3.1	3.0	0.0	3.0	0.0	
02/09/2025	02:14:42	0.63	0.65	12655.3	   	   	3.0	3.1	2.9	0.0	3.0	0.0	
02/09/2025	02:04:42	0.63	0.63	12655.2	   	   	3.0	3.0	2.9	0.0	3.0	0.0	
02/09/2025	01:54:42	0.63	0.65	12655.1	   	   	3.0	3.1	2.9	0.0	3.0	0.0	
02/09/2025	01:44:42	0.63	0.65	12655.0	   	   	3.0	3.1	2.9	0.0	3.0	0.0	
02/09/2025	01:34:42	0.65	0.65	12654.9	   	   	3.1	3.1	3.0	0.0	3.0	0.0	
02/09/2025	01:24:42	0.63	0.65	12654.8	   	   	3.0	3.1	2.9	0.0	3.0	0.0	
02/09/2025	01:14:42	0.63	0.65	12654.7	   	   	3.0	3.1	2.9	0.0	3.0	0.0	
02/09/2025	01:04:42	0.65	0.65	12654.6	   	   	3.1	3.1	3.0	0.0	3.0	0.0	
02/09/2025	00:54:42	0.63	0.65	12654.5	   	   	3.0	3.1	2.9	0.0	3.0	0.0	
02/09/2025	00:44:42	0.63	0.63	12654.4	   	   	3.0	3.0	2.9	0.0	3.0	0.0	
02/09/2025	00:34:42	0.63	0.65	12654.3	   	   	3.0	3.1	2.9	0.0	3.0	0.0	
02/09/2025	00:24:42	0.63	0.65	12654.2	   	   	3.0	3.1	2.9	0.0	3.0	0.0	
02/09/2025	00:14:42	0.65	0.65	12654.1	   	   	3.1	3.1	3.0	0.0	3.0	0.0	
02/09/2025	00:04:41	0.63	0.65	12654.0	   	   	3.0	3.1	2.9	0.0	3.0	0.0	
02/08/2025	23:54:41	0.63	0.63	12653.9	   	   	3.0	3.0	2.9	0.0	2.9	0.0	
02/08/2025	23:44:41	0.63	0.65	12653.8	   	   	3.0	3.1	2.9	0.0	3.0	0.0	
02/08/2025	23:34:41	0.63	0.65	12653.6	   	   	3.0	3.1	2.9	0.0	3.0	0.0	
02/08/2025	23:24:41	0.63	0.65	12653.5	   	   	3.0	3.1	3.0	0.0	3.0	0.0	
02/08/2025	23:14:41	0.63	0.63	12653.4	   	   	3.0	3.0	2.9	0.0	3.0	0.0	
02/08/2025	23:04:41	0.63	0.65	12653.3	   	   	3.0	3.1	2.9	0.0	3.0	0.0	
02/08/2025	22:54:41	0.63	0.63	12653.2	   	   	3.0	3.0	2.9	0.0	2.9	0.0	
02/08/2025	22:44:41	0.63	0.65	12653.1	   	   	3.0	3.1	2.9	0.0	3.0	0.0	
02/08/2025	22:34:41	0.63	0.63	12653.0	   	   	3.0	3.0	2.9	0.0	3.0	0.0	
02/08/2025	22:24:41	0.63	0.65	12652.9	   	   	3.0	3.1	2.9	0.0	3.0	0.0	
02/08/2025	22:14:41	0.63	0.63	12652.8	   	   	3.0	3.0	2.9	0.0	3.0	0.0	
02/08/2025	22:04:41	0.63	0.63	12652.7	   	   	3.0	3.0	2.9	0.0	3.0	0.0	
02/08/2025	21:54:41	0.63	0.65	12652.6	   	   	3.0	3.1	2.9	0.0	3.0	0.0	
02/08/2025	21:44:41	0.63	0.63	12652.5	   	   	3.0	3.0	2.9	0.0	2.9	0.0	
02/08/2025	21:34:41	0.63	0.63	12652.4	   	   	3.0	3.0	2.9	0.0	3.0	0.0	
02/08/2025	21:24:41	0.63	0.63	12652.3	   	   	3.0	3.0	2.9	0.0	2.9	0.0	
02/08/2025	21:14:41	0.63	0.65	12652.2	   	   	3.0	3.1	2.9	0.0	3.0	0.0	
02/08/2025	21:04:40	0.65	0.65	12652.1	   	   	3.1	3.1	3.0	0.0	3.0	0.0	
02/08/2025	20:54:40	0.63	0.63	12652.0	   	   	3.0	3.0	2.9	0.0	3.0	0.0	
02/08/2025	20:44:40	0.63	0.63	12651.9	   	   	3.0	3.0	2.9	0.0	2.9	0.0	
02/08/2025	20:34:40	0.63	0.63	12651.8	   	   	3.0	3.0	2.9	0.0	2.9	0.0	
02/08/2025	20:24:40	0.63	0.63	12651.7	   	   	3.0	3.0	2.9	0.0	2.9	0.0	
02/08/2025	20:14:40	0.63	0.63	12651.6	   	   	3.0	3.0	2.9	0.0	2.9	0.0	
02/08/2025	20:04:40	0.63	0.63	12651.5	   	   	3.0	3.0	2.9	0.0	2.9	0.0	
02/08/2025	19:54:40	0.63	0.63	12651.4	   	   	3.0	3.0	2.9	0.0	2.9	0.0	
02/08/2025	19:44:40	0.63	0.63	12651.3	   	   	3.0	3.0	2.9	0.0	2.9	0.0	
02/08/2025	19:34:40	0.63	0.63	12651.2	   	   	3.0	3.0	2.9	0.0	2.9	0.0	
02/08/2025	19:24:40	0.63	0.63	12651.1	   	   	3.0	3.0	2.9	0.0	2.9	0.0	
02/08/2025	19:14:40	0.63	0.63	12651.0	   	   	3.0	3.0	2.9	0.0	2.9	0.0	
02/08/2025	19:04:40	0.63	0.63	12650.9	   	   	3.0	3.0	2.9	0.0	2.9	0.0	
02/08/2025	18:54:40	0.63	0.63	12650.7	   	   	3.0	3.0	2.9	0.0	2.9	0.0	
02/08/2025	18:44:40	0.63	0.63	12650.6	   	   	3.0	3.0	2.9	0.0	2.9	0.0	
02/08/2025	18:34:39	0.63	0.63	12650.5	   	   	3.0	3.0	2.9	0.0	2.9	0.0	
02/08/2025	18:24:39	0.63	0.63	12650.4	   	   	3.0	3.0	2.9	0.0	2.9	0.0	
02/08/2025	18:14:39	0.63	0.63	12650.3	   	   	3.0	3.0	2.9	0.0	2.9	0.0	
02/08/2025	18:04:39	0.63	0.63	12650.2	   	   	3.0	3.0	2.9	0.0	2.9	0.0	
02/08/2025	17:54:39	0.63	0.63	12650.1	   	   	3.0	3.0	2.9	0.0	2.9	0.0	
02/08/2025	17:44:39	0.63	0.63	12650.0	   	   	3.0	3.0	2.9	0.0	2.9	0.0	
02/08/2025	17:34:39	0.63	0.63	12649.9	   	   	3.0	3.0	2.9	0.0	2.9	0.0	
02/08/2025	17:24:39	0.63	0.63	12649.8	   	   	3.0	3.0	2.9	0.0	2.9	0.0	
02/08/2025	17:14:39	0.63	0.63	12649.7	   	   	3.0	3.0	2.9	0.0	2.9	0.0	
02/08/2025	17:04:39	0.63	0.63	12649.6	   	   	3.0	3.0	2.9	0.0	2.9	0.0	
02/08/2025	16:54:39	0.63	0.63	12649.5	   	   	3.0	3.0	2.9	0.0	2.9	0.0	
02/08/2025	16:44:39	0.63	0.63	12649.4	   	   	3.0	3.0	2.9	0.0	2.9	0.0	
02/08/2025	16:34:39	0.63	0.63	12649.3	   	   	3.0	3.0	2.9	0.0	2.9	0.0	
02/08/2025	16:24:39	0.63	0.63	12649.2	   	   	3.0	3.0	2.9	0.0	2.9	0.0	
02/08/2025	16:14:39	0.63	0.63	12649.1	   	   	3.0	3.0	2.9	0.0	2.9	0.0	
02/08/2025	16:04:39	0.63	0.63	12649.0	   	   	3.0	3.0	2.9	0.0	2.9	0.0	
02/08/2025	15:54:39	0.63	0.63	12648.9	   	   	3.0	3.0	2.9	0.0	2.9	0.0	
02/08/2025	15:44:38	0.63	0.63	12648.8	   	   	3.0	3.0	2.9	0.0	2.9	0.0	
02/08/2025	15:34:38	0.63	0.63	12648.7	   	   	3.0	3.0	2.9	0.0	2.9	0.0	
02/08/2025	15:24:38	0.63	0.63	12648.6	   	   	3.0	3.0	2.9	0.0	2.9	0.0	
02/08/2025	15:14:38	0.63	0.63	12648.5	   	   	3.0	3.0	2.9	0.0	2.9	0.0	
02/08/2025	15:04:38	0.63	0.63	12648.4	   	   	3.0	3.0	2.9	0.0	2.9	0.0	
02/08/2025	14:54:38	0.63	0.63	12648.3	   	   	3.0	3.0	2.9	0.0	2.9	0.0	
02/08/2025	14:44:38	0.63	0.63	12648.2	   	   	3.0	3.0	2.9	0.0	2.9	0.0	
02/08/2025	14:34:38	0.63	0.63	12648.1	   	   	3.0	3.0	2.9	0.0	2.9	0.0	
02/08/2025	14:24:38	0.63	0.63	12648.0	   	   	3.0	3.0	2.9	0.0	2.9	0.0	
02/08/2025	14:14:38	0.63	0.63	12647.9	   	   	3.0	3.0	2.9	0.0	2.9	0.0	
02/08/2025	14:04:38	0.63	0.63	12647.8	   	   	3.0	3.0	2.9	0.0	2.9	0.0	
02/08/2025	13:54:38	0.63	0.63	12647.7	   	   	3.0	3.0	2.9	0.0	2.9	0.0	
02/08/2025	13:44:38	0.63	0.63	12647.6	   	   	3.0	3.0	2.9	0.0	2.9	0.0	
02/08/2025	13:34:38	0.63	0.63	12647.5	   	   	3.0	3.0	2.9	0.0	2.9	0.0	
02/08/2025	13:24:38	0.63	0.63	12647.4	   	   	3.0	3.0	2.9	0.0	2.9	0.0	
02/08/2025	13:14:38	0.63	0.63	12647.3	   	   	3.0	3.0	2.9	0.0	2.9	0.0	
02/08/2025	13:04:38	0.63	0.63	12647.2	   	   	3.0	3.0	2.9	0.0	2.9	0.0	
02/08/2025	12:54:38	0.63	0.63	12647.1	   	   	3.0	3.0	2.9	0.0	2.9	0.0	
02/08/2025	12:44:37	0.63	0.63	12647.0	   	   	3.0	3.0	2.9	0.0	2.9	0.0	
02/08/2025	12:34:37	0.63	0.63	12646.9	   	   	3.0	3.0	2.9	0.0	2.9	0.0	
02/08/2025	12:24:37	0.63	0.63	12646.8	   	   	3.0	3.0	2.9	0.0	2.9	0.0	
02/08/2025	12:14:37	0.63	0.63	12646.7	   	   	3.0	3.0	2.9	0.0	2.9	0.0	
02/08/2025	12:04:37	0.63	0.63	12646.6	   	   	3.0	3.0	2.9	0.0	2.9	0.0	
02/08/2025	11:54:37	0.63	0.63	12646.5	   	   	3.0	3.0	2.9	0.0	2.9	0.0	
02/08/2025	11:44:37	0.63	0.63	12646.4	   	   	3.0	3.0	2.9	0.0	2.9	0.0	
02/08/2025	11:34:37	0.63	0.63	12646.2	   	   	3.0	3.0	2.9	0.0	2.9	0.0	
02/08/2025	11:24:37	0.63	0.63	12646.1	   	   	3.0	3.0	2.9	0.0	2.9	0.0	
02/08/2025	11:14:37	0.63	0.63	12646.0	   	   	3.0	3.0	2.9	0.0	2.9	0.0	
02/08/2025	11:04:37	0.63	0.63	12645.9	   	   	3.0	3.0	2.9	0.0	2.9	0.0	
02/08/2025	10:54:37	0.63	0.63	12645.8	   	   	3.0	3.0	2.9	0.0	2.9	0.0	
02/08/2025	10:44:37	0.63	0.63	12645.7	   	   	3.0	3.0	2.9	0.0	2.9	0.0	
02/08/2025	10:34:37	0.63	0.63	12645.6	   	   	3.0	3.0	2.9	0.0	2.9	0.0	
02/08/2025	10:24:37	0.63	0.63	12645.5	   	   	3.0	3.0	2.9	0.0	2.9	0.0	
02/08/2025	10:14:37	0.63	0.63	12645.4	   	   	3.0	3.0	2.9	0.0	2.9	0.0	
02/08/2025	10:04:37	0.63	0.63	12645.3	   	   	3.0	3.0	2.9	0.0	2.9	0.0	
02/08/2025	09:54:37	0.63	0.63	12645.2	   	   	3.0	3.0	2.9	0.0	2.9	0.0	
02/08/2025	09:44:36	0.63	0.63	12645.1	   	   	3.0	3.0	2.9	0.0	2.9	0.0	
02/08/2025	09:34:36	0.63	0.63	12645.0	   	   	3.0	3.0	2.9	0.0	2.9	0.0	
02/08/2025	09:24:36	0.63	0.63	12644.9	   	   	3.0	3.0	2.9	0.0	2.9	0.0	
02/08/2025	09:14:36	0.63	0.63	12644.8	   	   	3.0	3.0	2.9	0.0	2.9	0.0	
02/08/2025	09:04:36	0.63	0.63	12644.7	   	   	3.0	3.0	2.9	0.0	2.9	0.0	
02/08/2025	08:54:36	0.63	0.63	12644.6	   	   	3.0	3.0	2.9	0.0	2.9	0.0	
02/08/2025	08:44:36	0.63	0.63	12644.5	   	   	3.0	3.0	2.9	0.0	2.9	0.0	
02/08/2025	08:34:36	0.63	0.63	12644.4	   	   	3.0	3.0	2.9	0.0	2.9	0.0	
02/08/2025	08:24:36	0.63	0.63	12644.3	   	   	3.0	3.0	2.9	0.0	2.9	0.0	
02/08/2025	08:14:36	0.63	0.63	12644.2	   	   	3.0	3.0	2.9	0.0	2.9	0.0	
02/08/2025	08:04:36	0.63	0.63	12644.1	   	   	3.0	3.0	2.9	0.0	2.9	0.0	
02/08/2025	07:54:36	0.63	0.63	12644.0	   	   	3.0	3.0	2.9	0.0	2.9	0.0	
02/08/2025	07:44:36	0.63	0.63	12643.9	   	   	3.0	3.0	2.9	0.0	2.9	0.0	
02/08/2025	07:34:36	0.63	0.63	12643.8	   	   	3.0	3.0	2.9	0.0	2.9	0.0	
02/08/2025	07:24:36	0.63	0.63	12643.7	   	   	3.0	3.0	2.9	0.0	2.9	0.0	
02/08/2025	07:14:36	0.63	0.63	12643.6	   	   	3.0	3.0	2.9	0.0	2.9	0.0	
02/08/2025	07:04:36	0.63	0.63	12643.5	   	   	3.0	3.0	2.9	0.0	2.9	0.0	
02/08/2025	06:54:35	0.63	0.63	12643.4	   	   	3.0	3.0	2.9	0.0	2.9	0.0	
02/08/2025	06:44:35	0.63	0.63	12643.3	   	   	3.0	3.0	2.9	0.0	2.9	0.0	
02/08/2025	06:34:35	0.63	0.63	12643.2	   	   	3.0	3.0	2.9	0.0	2.9	0.0	
02/08/2025	06:24:35	0.63	0.63	12643.1	   	   	3.0	3.0	2.9	0.0	2.9	0.0	
02/08/2025	06:14:35	0.63	0.63	12643.0	   	   	3.0	3.0	2.9	0.0	2.9	0.0	
02/08/2025	06:04:35	0.63	0.63	12642.9	   	   	3.0	3.0	2.9	0.0	2.9	0.0	
02/08/2025	05:54:35	0.63	0.63	12642.8	   	   	3.0	3.0	2.9	0.0	2.9	0.0	
02/08/2025	05:44:35	0.63	0.63	12642.7	   	   	3.0	3.0	2.9	0.0	2.9	0.0	
02/08/2025	05:34:35	0.63	0.63	12642.6	   	   	3.0	3.0	2.9	0.0	2.9	0.0	
02/08/2025	05:24:35	0.63	0.63	12642.5	   	   	3.0	3.0	2.9	0.0	2.9	0.0	
02/08/2025	05:14:35	0.63	0.63	12642.3	   	   	3.0	3.0	2.9	0.0	2.9	0.0	
02/08/2025	05:04:35	0.63	0.63	12642.2	   	   	3.0	3.0	2.9	0.0	2.9	0.0	
02/08/2025	04:54:35	0.63	0.63	12642.1	   	   	3.0	3.0	2.9	0.0	2.9	0.0	
02/08/2025	04:44:35	0.63	0.63	12642.0	   	   	3.0	3.0	2.9	0.0	2.9	0.0	
02/08/2025	04:34:35	0.63	0.63	12641.9	   	   	3.0	3.0	2.9	0.0	2.9	0.0	
02/08/2025	04:24:35	0.63	0.63	12641.8	   	   	3.0	3.0	2.9	0.0	2.9	0.0	
02/08/2025	04:14:35	0.63	0.63	12641.7	   	   	3.0	3.0	2.9	0.0	2.9	0.0	
02/08/2025	04:04:35	0.63	0.63	12641.6	   	   	3.0	3.0	2.9	0.0	2.9	0.0	
02/08/2025	03:54:35	0.63	0.63	12641.5	   	   	3.0	3.0	2.9	0.0	2.9	0.0	
02/08/2025	03:44:34	0.63	0.63	12641.4	   	   	3.0	3.0	2.9	0.0	2.9	0.0	
02/08/2025	03:34:34	0.63	0.63	12641.3	   	   	3.0	3.0	2.9	0.0	2.9	0.0	
02/08/2025	03:24:34	0.63	0.63	12641.2	   	   	3.0	3.0	2.9	0.0	2.9	0.0	
02/08/2025	03:14:34	0.63	0.65	12641.1	   	   	3.0	3.1	2.9	0.0	3.0	0.0	
02/08/2025	03:04:34	0.65	0.65	12641.0	   	   	3.1	3.1	3.0	0.0	3.0	0.0	
02/08/2025	02:54:34	0.63	0.65	12640.9	   	   	3.0	3.1	2.9	0.0	3.0	0.0	
02/08/2025	02:44:34	0.63	0.63	12640.8	   	   	3.0	3.0	2.9	0.0	2.9	0.0	
02/08/2025	02:34:34	0.63	0.65	12640.7	   	   	3.0	3.1	2.9	0.0	3.0	0.0	
02/08/2025	02:24:34	0.63	0.65	12640.6	   	   	3.0	3.1	2.9	0.0	3.0	0.0	
02/08/2025	02:14:34	0.65	0.65	12640.5	   	   	3.1	3.1	3.0	0.0	3.0	0.0	
02/08/2025	02:04:34	0.63	0.65	12640.4	   	   	3.0	3.1	2.9	0.0	3.0	0.0	
02/08/2025	01:54:34	0.65	0.65	12640.3	   	   	3.1	3.1	3.0	0.0	3.0	0.0	
02/08/2025	01:44:34	0.63	0.65	12640.2	   	   	3.0	3.1	2.9	0.0	3.0	0.0	
02/08/2025	01:34:34	0.63	0.65	12640.1	   	   	3.0	3.1	2.9	0.0	3.0	0.0	
02/08/2025	01:24:34	0.65	0.65	12640.0	   	   	3.1	3.1	3.0	0.0	3.0	0.0	
02/08/2025	01:14:34	0.63	0.65	12639.9	   	   	3.0	3.1	2.9	0.0	3.0	0.0	
02/08/2025	01:04:34	0.63	0.65	12639.8	   	   	3.0	3.1	2.9	0.0	3.0	0.0	
02/08/2025	00:54:34	0.63	0.65	12639.6	   	   	3.0	3.1	3.0	0.0	3.0	0.0	
02/08/2025	00:44:33	0.63	0.65	12639.5	   	   	3.0	3.1	2.9	0.0	3.0	0.0	
02/08/2025	00:34:33	0.65	0.65	12639.4	   	   	3.1	3.1	3.0	0.0	3.0	0.0	
02/08/2025	00:24:33	0.63	0.65	12639.3	   	   	3.0	3.1	2.9	0.0	3.0	0.0	
02/08/2025	00:14:33	0.63	0.63	12639.2	   	   	3.0	3.0	2.9	0.0	3.0	0.0	
02/08/2025	00:04:33	0.63	0.63	12639.1	   	   	3.0	3.0	2.9	0.0	2.9	0.0	
02/07/2025	23:54:33	0.63	0.65	12639.0	   	   	3.0	3.1	2.9	0.0	3.0	0.0	
02/07/2025	23:44:33	0.63	0.63	12638.9	   	   	3.0	3.0	2.9	0.0	2.9	0.0	
02/07/2025	23:34:33	0.63	0.63	12638.8	   	   	3.0	3.0	2.9	0.0	2.9	0.0	
02/07/2025	23:24:33	0.63	0.65	12638.7	   	   	3.0	3.1	2.9	0.0	3.0	0.0	
02/07/2025	23:14:33	0.65	0.65	12638.6	   	   	3.1	3.1	3.0	0.0	3.0	0.0	
02/07/2025	23:04:33	0.63	0.63	12638.5	   	   	3.0	3.0	2.9	0.0	2.9	0.0	
02/07/2025	22:54:33	0.63	0.63	12638.4	   	   	3.0	3.0	2.9	0.0	2.9	0.0	
02/07/2025	22:44:33	0.63	0.63	12638.3	   	   	3.0	3.0	2.9	0.0	2.9	0.0	
02/07/2025	22:34:33	0.63	0.63	12638.2	   	   	3.0	3.0	2.9	0.0	2.9	0.0	
02/07/2025	22:24:33	0.63	0.63	12638.1	   	   	3.0	3.0	2.9	0.0	2.9	0.0	
02/07/2025	22:14:33	0.63	0.63	12638.0	   	   	3.0	3.0	2.9	0.0	2.9	0.0	
02/07/2025	22:04:33	0.63	0.63	12637.9	   	   	3.0	3.0	2.9	0.0	2.9	0.0	
02/07/2025	21:54:33	0.63	0.63	12637.8	   	   	3.0	3.0	2.9	0.0	2.9	0.0	
02/07/2025	21:44:32	0.63	0.63	12637.7	   	   	3.0	3.0	2.9	0.0	2.9	0.0	
02/07/2025	21:34:32	0.63	0.63	12637.6	   	   	3.0	3.0	2.9	0.0	2.9	0.0	
02/07/2025	21:24:32	0.63	0.63	12637.5	   	   	3.0	3.0	2.9	0.0	2.9	0.0	
02/07/2025	21:14:32	0.63	0.63	12637.4	   	   	3.0	3.0	2.9	0.0	3.0	0.0	
02/07/2025	21:04:32	0.63	0.63	12637.3	   	   	3.0	3.0	2.9	0.0	2.9	0.0	
02/07/2025	20:54:32	0.63	0.63	12637.2	   	   	3.0	3.0	2.9	0.0	2.9	0.0	
02/07/2025	20:44:32	0.63	0.63	12637.1	   	   	3.0	3.0	2.9	0.0	2.9	0.0	
02/07/2025	20:34:32	0.63	0.63	12637.0	   	   	3.0	3.0	2.9	0.0	2.9	0.0	
02/07/2025	20:24:32	0.63	0.63	12636.9	   	   	3.0	3.0	2.9	0.0	2.9	0.0	
02/07/2025	20:14:32	0.63	0.63	12636.8	   	   	3.0	3.0	2.9	0.0	2.9	0.0	
02/07/2025	20:04:32	0.63	0.63	12636.6	   	   	3.0	3.0	2.9	0.0	2.9	0.0	
02/07/2025	19:54:32	0.63	0.63	12636.5	   	   	3.0	3.0	2.9	0.0	2.9	0.0	
02/07/2025	19:44:32	0.63	0.63	12636.4	   	   	3.0	3.0	2.9	0.0	2.9	0.0	
02/07/2025	19:34:32	0.63	0.63	12636.3	   	   	3.0	3.0	2.9	0.0	2.9	0.0	
02/07/2025	19:24:32	0.63	0.63	12636.2	   	   	3.0	3.0	2.9	0.0	2.9	0.0	
02/07/2025	19:14:32	0.63	0.63	12636.1	   	   	3.0	3.0	2.9	0.0	2.9	0.0	
02/07/2025	19:04:32	0.63	0.63	12636.0	   	   	3.0	3.0	2.9	0.0	2.9	0.0	
02/07/2025	18:54:32	0.63	0.63	12635.9	   	   	3.0	3.0	2.9	0.0	2.9	0.0	
02/07/2025	18:44:31	0.63	0.63	12635.8	   	   	3.0	3.0	2.9	0.0	2.9	0.0	
02/07/2025	18:34:31	0.63	0.63	12635.7	   	   	3.0	3.0	2.9	0.0	2.9	0.0	
02/07/2025	18:24:31	0.63	0.63	12635.6	   	   	3.0	3.0	2.9	0.0	2.9	0.0	
02/07/2025	18:14:31	0.63	0.63	12635.5	   	   	3.0	3.0	2.9	0.0	2.9	0.0	
02/07/2025	18:04:31	0.63	0.63	12635.4	   	   	3.0	3.0	2.9	0.0	2.9	0.0	
02/07/2025	17:54:31	0.63	0.63	12635.3	   	   	3.0	3.0	2.9	0.0	2.9	0.0	
02/07/2025	17:44:31	0.63	0.63	12635.2	   	   	3.0	3.0	2.9	0.0	2.9	0.0	
02/07/2025	17:34:31	0.63	0.63	12635.1	   	   	3.0	3.0	2.9	0.0	2.9	0.0	
02/07/2025	17:24:31	0.63	0.63	12635.0	   	   	3.0	3.0	2.9	0.0	2.9	0.0	
02/07/2025	17:14:31	0.63	0.63	12634.9	   	   	3.0	3.0	2.9	0.0	2.9	0.0	
02/07/2025	17:04:31	0.63	0.63	12634.8	   	   	3.0	3.0	2.9	0.0	2.9	0.0	
02/07/2025	16:54:31	0.63	0.63	12634.7	   	   	3.0	3.0	2.9	0.0	2.9	0.0	
02/07/2025	16:44:31	0.63	0.63	12634.6	   	   	3.0	3.0	2.9	0.0	2.9	0.0	
02/07/2025	16:34:31	0.63	0.63	12634.5	   	   	3.0	3.0	2.9	0.0	2.9	0.0	
02/07/2025	16:24:31	0.63	0.63	12634.4	   	   	3.0	3.0	2.9	0.0	2.9	0.0	
02/07/2025	16:14:31	0.63	0.63	12634.3	   	   	3.0	3.0	2.9	0.0	2.9	0.0	
02/07/2025	16:04:31	0.63	0.63	12634.2	   	   	3.0	3.0	2.9	0.0	2.9	0.0	
02/07/2025	15:54:31	0.63	0.63	12634.1	   	   	3.0	3.0	2.9	0.0	2.9	0.0	
02/07/2025	15:44:30	0.63	0.63	12634.0	   	   	3.0	3.0	2.9	0.0	2.9	0.0	
02/07/2025	15:34:30	0.63	0.63	12633.9	   	   	3.0	3.0	2.9	0.0	2.9	0.0	
02/07/2025	15:24:30	0.63	0.63	12633.8	   	   	3.0	3.0	2.9	0.0	2.9	0.0	
02/07/2025	15:14:30	0.63	0.63	12633.7	   	   	3.0	3.0	2.9	0.0	2.9	0.0	
02/07/2025	15:04:30	0.63	0.63	12633.6	   	   	3.0	3.0	2.9	0.0	2.9	0.0	
02/07/2025	14:54:30	0.63	0.63	12633.5	   	   	3.0	3.0	2.9	0.0	2.9	0.0	
02/07/2025	14:44:30	0.63	0.63	12633.4	   	   	3.0	3.0	2.9	0.0	2.9	0.0	
02/07/2025	14:34:30	0.63	0.63	12633.3	   	   	3.0	3.0	2.9	0.0	2.9	0.0	
02/07/2025	14:24:30	0.63	0.63	12633.2	   	   	3.0	3.0	2.9	0.0	2.9	0.0	
02/07/2025	14:14:30	0.63	0.63	12633.1	   	   	3.0	3.0	2.9	0.0	2.9	0.0	
02/07/2025	14:04:30	0.63	0.63	12633.0	   	   	3.0	3.0	2.9	0.0	2.9	0.0	
02/07/2025	13:54:30	0.63	0.63	12632.9	   	   	3.0	3.0	2.9	0.0	2.9	0.0	
02/07/2025	13:44:30	0.63	0.63	12632.8	   	   	3.0	3.0	2.9	0.0	2.9	0.0	
02/07/2025	13:34:30	0.61	0.63	12632.7	   	   	2.9	3.0	2.9	0.0	2.9	0.0	
02/07/2025	13:24:30	0.60	0.63	12632.6	   	   	2.9	3.0	2.9	0.0	2.9	0.0	
02/07/2025	13:14:30	0.63	0.63	12632.5	   	   	3.0	3.0	2.9	0.0	2.9	0.0	
02/07/2025	13:04:30	0.61	0.63	12632.4	   	   	2.9	3.0	2.9	0.0	2.9	0.0	
02/07/2025	12:54:30	0.63	0.63	12632.3	   	   	3.0	3.0	2.9	0.0	2.9	0.0	
02/07/2025	12:44:29	0.60	0.63	12632.1	   	   	2.9	3.0	2.9	0.0	2.9	0.0	
02/07/2025	12:34:29	0.63	0.63	12632.0	   	   	3.0	3.0	2.9	0.0	2.9	0.0	
02/07/2025	12:24:29	0.63	0.63	12631.9	   	   	3.0	3.0	2.9	0.0	2.9	0.0	
02/07/2025	12:14:29	0.60	0.63	12631.8	   	   	2.9	3.0	2.9	0.0	2.9	0.0	
02/07/2025	12:04:29	0.63	0.63	12631.7	   	   	3.0	3.0	2.9	0.0	2.9	0.0	
02/07/2025	11:54:29	0.63	0.63	12631.6	   	   	3.0	3.0	2.9	0.0	2.9	0.0	
02/07/2025	11:44:29	0.63	0.63	12631.5	   	   	3.0	3.0	2.9	0.0	2.9	0.0	
02/07/2025	11:34:29	0.63	0.63	12631.4	   	   	3.0	3.0	2.9	0.0	2.9	0.0	
02/07/2025	11:24:29	0.63	0.63	12631.3	   	   	3.0	3.0	2.9	0.0	2.9	0.0	
02/07/2025	11:14:29	0.60	0.63	12631.2	   	   	2.9	3.0	2.9	0.0	2.9	0.0	
02/07/2025	11:04:29	0.63	0.63	12631.1	   	   	3.0	3.0	2.9	0.0	2.9	0.0	
02/07/2025	10:54:29	0.63	0.63	12631.0	   	   	3.0	3.0	2.9	0.0	2.9	0.0	
02/07/2025	10:44:29	0.63	0.63	12630.9	   	   	3.0	3.0	2.9	0.0	2.9	0.0	
02/07/2025	10:34:29	0.63	0.63	12630.8	   	   	3.0	3.0	2.9	0.0	2.9	0.0	
02/07/2025	10:24:29	0.63	0.63	12630.7	   	   	3.0	3.0	2.9	0.0	2.9	0.0	
02/07/2025	10:14:29	0.63	0.63	12630.6	   	   	3.0	3.0	2.9	0.0	2.9	0.0	
02/07/2025	10:04:29	0.63	0.63	12630.5	   	   	3.0	3.0	2.9	0.0	2.9	0.0	
02/07/2025	09:54:29	0.63	0.63	12630.4	   	   	3.0	3.0	2.9	0.0	2.9	0.0	
02/07/2025	09:44:29	0.63	0.63	12630.3	   	   	3.0	3.0	2.9	0.0	2.9	0.0	
02/07/2025	09:34:28	0.63	0.63	12630.2	   	   	3.0	3.0	2.9	0.0	2.9	0.0	
02/07/2025	09:24:28	0.63	0.63	12630.1	   	   	3.0	3.0	2.9	0.0	2.9	0.0	
02/07/2025	09:14:28	0.63	0.63	12630.0	   	   	3.0	3.0	2.9	0.0	2.9	0.0	
02/07/2025	09:04:28	0.63	0.63	12629.9	   	   	3.0	3.0	2.9	0.0	2.9	0.0	
02/07/2025	08:54:28	0.63	0.63	12629.8	   	   	3.0	3.0	2.9	0.0	2.9	0.0	
02/07/2025	08:44:28	0.63	0.63	12629.7	   	   	3.0	3.0	2.9	0.0	2.9	0.0	
02/07/2025	08:34:28	0.63	0.63	12629.6	   	   	3.0	3.0	2.9	0.0	2.9	0.0	
02/07/2025	08:24:28	0.63	0.63	12629.5	   	   	3.0	3.0	2.9	0.0	2.9	0.0	
02/07/2025	08:14:28	0.63	0.63	12629.4	   	   	3.0	3.0	2.9	0.0	2.9	0.0	
02/07/2025	08:04:28	0.63	0.63	12629.3	   	   	3.0	3.0	2.9	0.0	2.9	0.0	
02/07/2025	07:54:28	0.63	0.63	12629.2	   	   	3.0	3.0	2.9	0.0	2.9	0.0	
02/07/2025	07:44:28	0.63	0.63	12629.1	   	   	3.0	3.0	2.9	0.0	2.9	0.0	
02/07/2025	07:34:28	0.63	0.63	12629.0	   	   	3.0	3.0	2.9	0.0	2.9	0.0	
02/07/2025	07:24:28	0.63	0.63	12628.9	   	   	3.0	3.0	2.9	0.0	2.9	0.0	
02/07/2025	07:14:28	0.63	0.63	12628.8	   	   	3.0	3.0	2.9	0.0	2.9	0.0	
02/07/2025	07:04:28	0.63	0.63	12628.7	   	   	3.0	3.0	2.9	0.0	2.9	0.0	
02/07/2025	06:54:28	0.63	0.63	12628.6	   	   	3.0	3.0	2.9	0.0	2.9	0.0	
02/07/2025	06:44:27	0.63	0.63	12628.5	   	   	3.0	3.0	2.9	0.0	2.9	0.0	
02/07/2025	06:34:27	0.63	0.63	12628.4	   	   	3.0	3.0	2.9	0.0	2.9	0.0	
02/07/2025	06:24:27	0.63	0.63	12628.3	   	   	3.0	3.0	2.9	0.0	2.9	0.0	
02/07/2025	06:14:27	0.63	0.63	12628.2	   	   	3.0	3.0	2.9	0.0	2.9	0.0	
02/07/2025	06:04:27	0.63	0.63	12628.1	   	   	3.0	3.0	2.9	0.0	2.9	0.0	
02/07/2025	05:54:27	0.63	0.63	12627.9	   	   	3.0	3.0	2.9	0.0	2.9	0.0	
02/07/2025	05:44:27	0.63	0.63	12627.8	   	   	3.0	3.0	2.9	0.0	2.9	0.0	
02/07/2025	05:34:27	0.63	0.63	12627.7	   	   	3.0	3.0	2.9	0.0	2.9	0.0	
02/07/2025	05:24:27	0.63	0.63	12627.6	   	   	3.0	3.0	2.9	0.0	2.9	0.0	
02/07/2025	05:14:27	0.63	0.63	12627.5	   	   	3.0	3.0	2.9	0.0	2.9	0.0	
02/07/2025	05:04:27	0.63	0.63	12627.4	   	   	3.0	3.0	2.9	0.0	2.9	0.0	
02/07/2025	04:54:27	0.63	0.63	12627.3	   	   	3.0	3.0	2.9	0.0	2.9	0.0	
02/07/2025	04:44:27	0.63	0.63	12627.2	   	   	3.0	3.0	2.9	0.0	2.9	0.0	
02/07/2025	04:34:27	0.63	0.63	12627.1	   	   	3.0	3.0	2.9	0.0	2.9	0.0	
02/07/2025	04:24:27	0.63	0.63	12627.0	   	   	3.0	3.0	2.9	0.0	2.9	0.0	
02/07/2025	04:14:27	0.63	0.63	12626.9	   	   	3.0	3.0	2.9	0.0	2.9	0.0	
02/07/2025	04:04:26	0.63	0.63	12626.8	   	   	3.0	3.0	2.9	0.0	2.9	0.0	
02/07/2025	03:54:26	0.63	0.63	12626.7	   	   	3.0	3.0	2.9	0.0	2.9	0.0	
02/07/2025	03:44:26	0.63	0.63	12626.6	   	   	3.0	3.0	2.9	0.0	2.9	0.0	
02/07/2025	03:34:26	0.63	0.63	12626.5	   	   	3.0	3.0	2.9	0.0	2.9	0.0	
02/07/2025	03:24:26	0.63	0.63	12626.4	   	   	3.0	3.0	2.9	0.0	2.9	0.0	
02/07/2025	03:14:26	0.63	0.63	12626.3	   	   	3.0	3.0	2.9	0.0	2.9	0.0	
02/07/2025	03:04:26	0.63	0.63	12626.2	   	   	3.0	3.0	2.9	0.0	2.9	0.0	
02/07/2025	02:54:26	0.63	0.63	12626.1	   	   	3.0	3.0	2.9	0.0	2.9	0.0	
02/07/2025	02:44:26	0.63	0.63	12626.0	   	   	3.0	3.0	2.9	0.0	2.9	0.0	
02/07/2025	02:34:26	0.63	0.63	12625.9	   	   	3.0	3.0	2.9	0.0	2.9	0.0	
02/07/2025	02:24:26	0.63	0.65	12625.8	   	   	3.0	3.1	2.9	0.0	3.0	0.0	
02/07/2025	02:14:26	0.65	0.65	12625.7	   	   	3.1	3.1	3.0	0.0	3.0	0.0	
02/07/2025	02:04:26	0.63	0.63	12625.6	   	   	3.0	3.0	2.9	0.0	2.9	0.0	
02/07/2025	01:54:26	0.63	0.63	12625.5	   	   	3.0	3.0	2.9	0.0	3.0	0.0	
02/07/2025	01:44:26	0.63	0.65	12625.4	   	   	3.0	3.1	2.9	0.0	3.0	0.0	
02/07/2025	01:34:26	0.65	0.65	12625.3	   	   	3.1	3.1	3.0	0.0	3.0	0.0	
02/07/2025	01:24:26	0.63	0.65	12625.2	   	   	3.0	3.1	2.9	0.0	3.0	0.0	
02/07/2025	01:14:26	0.63	0.65	12625.1	   	   	3.0	3.1	2.9	0.0	3.0	0.0	
02/07/2025	01:04:25	0.65	0.65	12625.0	   	   	3.1	3.1	3.0	0.0	3.0	0.0	
02/07/2025	00:54:25	0.63	0.65	12624.8	   	   	3.0	3.1	2.9	0.0	3.0	0.0	
02/07/2025	00:44:25	0.63	0.65	12624.7	   	   	3.0	3.1	2.9	0.0	3.0	0.0	
02/07/2025	00:34:25	0.65	0.65	12624.6	   	   	3.1	3.1	3.0	0.0	3.0	0.0	
02/07/2025	00:24:25	0.63	0.65	12624.5	   	   	3.0	3.1	2.9	0.0	3.0	0.0	
02/07/2025	00:14:25	0.63	0.65	12624.4	   	   	3.0	3.1	2.9	0.0	3.0	0.0	
02/07/2025	00:04:25	0.65	0.65	12624.3	   	   	3.1	3.1	3.0	0.0	3.0	0.0	
02/06/2025	23:54:25	0.63	0.65	12624.2	   	   	3.0	3.1	2.9	0.0	3.0	0.0	
02/06/2025	23:44:25	0.65	0.65	12624.1	   	   	3.1	3.1	3.0	0.0	3.0	0.0	
02/06/2025	23:34:25	0.63	0.65	12624.0	   	   	3.0	3.1	2.9	0.0	3.0	0.0	
02/06/2025	23:24:25	0.63	0.63	12623.9	   	   	3.0	3.0	2.9	0.0	2.9	0.0	
02/06/2025	23:14:25	0.63	0.65	12623.8	   	   	3.0	3.1	2.9	0.0	3.0	0.0	
02/06/2025	23:04:25	0.63	0.65	12623.7	   	   	3.0	3.1	2.9	0.0	3.0	0.0	
02/06/2025	22:54:25	0.65	0.65	12623.6	   	   	3.1	3.1	3.0	0.0	3.0	0.0	
02/06/2025	22:44:25	0.63	0.65	12623.5	   	   	3.0	3.1	2.9	0.0	3.0	0.0	
02/06/2025	22:34:25	0.65	0.65	12623.4	   	   	3.1	3.1	3.0	0.0	3.0	0.0	
02/06/2025	22:24:25	0.63	0.65	12623.3	   	   	3.0	3.1	2.9	0.0	3.0	0.0	
02/06/2025	22:14:25	0.63	0.63	12623.2	   	   	3.0	3.0	2.9	0.0	3.0	0.0	
02/06/2025	22:04:25	0.63	0.65	12623.1	   	   	3.0	3.1	2.9	0.0	3.0	0.0	
02/06/2025	21:54:24	0.63	0.65	12623.0	   	   	3.0	3.1	2.9	0.0	3.0	0.0	
02/06/2025	21:44:24	0.65	0.65	12622.9	   	   	3.1	3.1	3.0	0.0	3.0	0.0	
02/06/2025	21:34:24	0.63	0.65	12622.7	   	   	3.0	3.1	2.9	0.0	3.0	0.0	
02/06/2025	21:24:24	0.65	0.65	12622.6	   	   	3.1	3.1	3.0	0.0	3.0	0.0	
02/06/2025	21:14:24	0.63	0.65	12622.5	   	   	3.0	3.1	2.9	0.0	3.0	0.0	
02/06/2025	21:04:24	0.65	0.65	12622.4	   	   	3.1	3.1	3.0	0.0	3.0	0.0	
02/06/2025	20:54:24	0.63	0.65	12622.3	   	   	3.0	3.1	2.9	0.0	3.0	0.0	
02/06/2025	20:44:24	0.63	0.63	12622.2	   	   	3.0	3.0	2.9	0.0	3.0	0.0	
02/06/2025	20:34:24	0.63	0.63	12622.1	   	   	3.0	3.0	2.9	0.0	2.9	0.0	
02/06/2025	20:24:24	0.63	0.63	12622.0	   	   	3.0	3.0	2.9	0.0	2.9	0.0	
02/06/2025	20:14:24	0.63	0.63	12621.9	   	   	3.0	3.0	2.9	0.0	2.9	0.0	
02/06/2025	20:04:24	0.63	0.63	12621.8	   	   	3.0	3.0	2.9	0.0	2.9	0.0	
02/06/2025	19:54:24	0.63	0.63	12621.7	   	   	3.0	3.0	2.9	0.0	2.9	0.0	
02/06/2025	19:44:24	0.63	0.63	12621.6	   	   	3.0	3.0	2.9	0.0	2.9	0.0	
02/06/2025	19:34:24	0.63	0.63	12621.5	   	   	3.0	3.0	2.9	0.0	2.9	0.0	
02/06/2025	19:24:24	0.63	0.63	12621.4	   	   	3.0	3.0	2.9	0.0	2.9	0.0	
02/06/2025	19:14:24	0.63	0.63	12621.3	   	   	3.0	3.0	2.9	0.0	2.9	0.0	
02/06/2025	19:04:24	0.63	0.63	12621.2	   	   	3.0	3.0	2.9	0.0	2.9	0.0	
02/06/2025	18:54:23	0.63	0.63	12621.1	   	   	3.0	3.0	2.9	0.0	2.9	0.0	
02/06/2025	18:44:23	0.63	0.63	12621.0	   	   	3.0	3.0	2.9	0.0	2.9	0.0	
02/06/2025	18:34:23	0.63	0.63	12620.9	   	   	3.0	3.0	2.9	0.0	2.9	0.0	
02/06/2025	18:24:23	0.63	0.63	12620.8	   	   	3.0	3.0	2.9	0.0	2.9	0.0	
02/06/2025	18:14:23	0.63	0.63	12620.7	   	   	3.0	3.0	2.9	0.0	2.9	0.0	
02/06/2025	18:04:23	0.63	0.63	12620.6	   	   	3.0	3.0	2.9	0.0	2.9	0.0	
02/06/2025	17:54:23	0.63	0.63	12620.5	   	   	3.0	3.0	2.9	0.0	2.9	0.0	
02/06/2025	17:44:23	0.63	0.63	12620.4	   	   	3.0	3.0	2.9	0.0	2.9	0.0	
02/06/2025	17:34:23	0.63	0.63	12620.3	   	   	3.0	3.0	2.9	0.0	2.9	0.0	
02/06/2025	17:24:23	0.63	0.63	12620.2	   	   	3.0	3.0	2.9	0.0	2.9	0.0	
02/06/2025	17:14:23	0.63	0.63	12620.1	   	   	3.0	3.0	2.9	0.0	2.9	0.0	
02/06/2025	17:04:23	0.63	0.63	12620.0	   	   	3.0	3.0	2.9	0.0	2.9	0.0	
02/06/2025	16:54:23	0.63	0.63	12619.9	   	   	3.0	3.0	2.9	0.0	2.9	0.0	
02/06/2025	16:44:23	0.63	0.63	12619.8	   	   	3.0	3.0	2.9	0.0	2.9	0.0	
02/06/2025	16:34:23	0.63	0.63	12619.7	   	   	3.0	3.0	2.9	0.0	2.9	0.0	
02/06/2025	16:24:23	0.63	0.63	12619.6	   	   	3.0	3.0	2.9	0.0	2.9	0.0	
02/06/2025	16:14:23	0.63	0.63	12619.5	   	   	3.0	3.0	2.9	0.0	2.9	0.0	
02/06/2025	16:04:22	0.63	0.63	12619.4	   	   	3.0	3.0	2.9	0.0	2.9	0.0	
02/06/2025	15:54:22	0.63	0.63	12619.2	   	   	3.0	3.0	2.9	0.0	2.9	0.0	
02/06/2025	15:44:22	0.63	0.63	12619.1	   	   	3.0	3.0	2.9	0.0	2.9	0.0	
02/06/2025	15:34:22	0.63	0.63	12619.0	   	   	3.0	3.0	2.9	0.0	2.9	0.0	
02/06/2025	15:24:22	0.63	0.63	12618.9	   	   	3.0	3.0	2.9	0.0	2.9	0.0	
02/06/2025	15:14:22	0.63	0.63	12618.8	   	   	3.0	3.0	2.9	0.0	2.9	0.0	
02/06/2025	15:04:22	0.63	0.63	12618.7	   	   	3.0	3.0	2.9	0.0	2.9	0.0	
02/06/2025	14:54:22	0.63	0.63	12618.6	   	   	3.0	3.0	2.9	0.0	2.9	0.0	
02/06/2025	14:44:22	0.63	0.63	12618.5	   	   	3.0	3.0	2.9	0.0	2.9	0.0	
02/06/2025	14:34:22	0.63	0.63	12618.4	   	   	3.0	3.0	2.9	0.0	2.9	0.0	
02/06/2025	14:24:22	0.63	0.63	12618.3	   	   	3.0	3.0	2.9	0.0	2.9	0.0	
02/06/2025	14:14:22	0.63	0.63	12618.2	   	   	3.0	3.0	2.9	0.0	2.9	0.0	
02/06/2025	14:04:22	0.63	0.63	12618.1	   	   	3.0	3.0	2.9	0.0	2.9	0.0	
02/06/2025	13:54:22	0.63	0.63	12618.0	   	   	3.0	3.0	2.9	0.0	2.9	0.0	
02/06/2025	13:44:22	0.63	0.63	12617.9	   	   	3.0	3.0	2.9	0.0	2.9	0.0	
02/06/2025	13:34:22	0.63	0.63	12617.8	   	   	3.0	3.0	2.9	0.0	2.9	0.0	
02/06/2025	13:24:22	0.63	0.63	12617.7	   	   	3.0	3.0	2.9	0.0	2.9	0.0	
02/06/2025	13:14:22	0.63	0.63	12617.6	   	   	3.0	3.0	2.9	0.0	2.9	0.0	
02/06/2025	13:04:22	0.63	0.63	12617.5	   	   	3.0	3.0	2.9	0.0	2.9	0.0	
02/06/2025	12:54:21	0.63	0.63	12617.4	   	   	3.0	3.0	2.9	0.0	2.9	0.0	
02/06/2025	12:44:21	0.63	0.63	12617.3	   	   	3.0	3.0	2.9	0.0	2.9	0.0	
02/06/2025	12:34:21	0.63	0.63	12617.2	   	   	3.0	3.0	2.9	0.0	2.9	0.0	
02/06/2025	12:24:21	0.63	0.63	12617.1	   	   	3.0	3.0	2.9	0.0	2.9	0.0	
02/06/2025	12:14:21	0.60	0.63	12617.0	   	   	2.9	3.0	2.9	0.0	2.9	0.0	
02/06/2025	12:04:21	0.60	0.63	12616.9	   	   	2.9	3.0	2.9	0.0	2.9	0.0	
02/06/2025	11:54:21	0.60	0.63	12616.8	   	   	2.9	3.0	2.9	0.0	2.9	0.0	
02/06/2025	11:44:21	0.63	0.63	12616.7	   	   	3.0	3.0	2.9	0.0	2.9	0.0	
02/06/2025	11:34:21	0.63	0.63	12616.6	   	   	3.0	3.0	2.9	0.0	2.9	0.0	
02/06/2025	11:24:21	0.63	0.63	12616.5	   	   	3.0	3.0	2.9	0.0	2.9	0.0	
02/06/2025	11:14:21	0.63	0.63	12616.4	   	   	3.0	3.0	2.9	0.0	2.9	0.0	
02/06/2025	11:04:21	0.63	0.63	12616.3	   	   	3.0	3.0	2.9	0.0	2.9	0.0	
02/06/2025	10:54:21	0.63	0.63	12616.2	   	   	3.0	3.0	2.9	0.0	2.9	0.0	
02/06/2025	10:44:21	0.63	0.63	12616.1	   	   	3.0	3.0	2.9	0.0	2.9	0.0	
02/06/2025	10:34:21	0.63	0.63	12616.0	   	   	3.0	3.0	2.9	0.0	2.9	0.0	
02/06/2025	10:24:21	0.63	0.63	12615.9	   	   	3.0	3.0	2.9	0.0	2.9	0.0	
02/06/2025	10:14:21	0.63	0.63	12615.8	   	   	3.0	3.0	2.9	0.0	2.9	0.0	
02/06/2025	10:04:20	0.63	0.63	12615.7	   	   	3.0	3.0	2.9	0.0	2.9	0.0	
02/06/2025	09:54:20	0.63	0.63	12615.6	   	   	3.0	3.0	2.9	0.0	2.9	0.0	
02/06/2025	09:44:20	0.63	0.63	12615.5	   	   	3.0	3.0	2.9	0.0	2.9	0.0	
02/06/2025	09:34:20	0.63	0.63	12615.4	   	   	3.0	3.0	2.9	0.0	2.9	0.0	
02/06/2025	09:24:20	0.63	0.63	12615.3	   	   	3.0	3.0	2.9	0.0	2.9	0.0	
02/06/2025	09:14:20	0.63	0.63	12615.2	   	   	3.0	3.0	2.9	0.0	2.9	0.0	
02/06/2025	09:04:20	0.63	0.63	12615.1	   	   	3.0	3.0	2.9	0.0	2.9	0.0	
02/06/2025	08:54:20	0.63	0.63	12615.0	   	   	3.0	3.0	2.9	0.0	2.9	0.0	
02/06/2025	08:44:20	0.63	0.63	12614.9	   	   	3.0	3.0	2.9	0.0	2.9	0.0	
02/06/2025	08:34:20	0.63	0.63	12614.8	   	   	3.0	3.0	2.9	0.0	2.9	0.0	
02/06/2025	08:24:20	0.63	0.63	12614.7	   	   	3.0	3.0	2.9	0.0	2.9	0.0	
02/06/2025	08:14:20	0.63	0.63	12614.6	   	   	3.0	3.0	2.9	0.0	2.9	0.0	
02/06/2025	08:04:20	0.63	0.63	12614.5	   	   	3.0	3.0	2.9	0.0	2.9	0.0	
02/06/2025	07:54:20	0.63	0.63	12614.3	   	   	3.0	3.0	2.9	0.0	2.9	0.0	
02/06/2025	07:44:20	0.63	0.63	12614.2	   	   	3.0	3.0	2.9	0.0	2.9	0.0	
02/06/2025	07:34:20	0.63	0.63	12614.1	   	   	3.0	3.0	2.9	0.0	2.9	0.0	
02/06/2025	07:24:20	0.63	0.63	12614.0	   	   	3.0	3.0	2.9	0.0	2.9	0.0	
02/06/2025	07:14:20	0.63	0.63	12613.9	   	   	3.0	3.0	2.9	0.0	2.9	0.0	
02/06/2025	07:04:20	0.63	0.63	12613.8	   	   	3.0	3.0	2.9	0.0	2.9	0.0	
02/06/2025	06:54:19	0.63	0.63	12613.7	   	   	3.0	3.0	2.9	0.0	2.9	0.0	
02/06/2025	06:44:19	0.63	0.63	12613.6	   	   	3.0	3.0	2.9	0.0	2.9	0.0	
02/06/2025	06:34:19	0.63	0.63	12613.5	   	   	3.0	3.0	2.9	0.0	2.9	0.0	
02/06/2025	06:24:19	0.63	0.63	12613.4	   	   	3.0	3.0	2.9	0.0	2.9	0.0	
02/06/2025	06:14:19	0.63	0.63	12613.3	   	   	3.0	3.0	2.9	0.0	2.9	0.0	
02/06/2025	06:04:19	0.63	0.63	12613.2	   	   	3.0	3.0	2.9	0.0	2.9	0.0	
02/06/2025	05:54:19	0.63	0.63	12613.1	   	   	3.0	3.0	2.9	0.0	2.9	0.0	
02/06/2025	05:44:19	0.63	0.63	12613.0	   	   	3.0	3.0	2.9	0.0	2.9	0.0	
02/06/2025	05:34:19	0.63	0.63	12612.9	   	   	3.0	3.0	2.9	0.0	2.9	0.0	
02/06/2025	05:24:19	0.63	0.63	12612.8	   	   	3.0	3.0	2.9	0.0	2.9	0.0	
02/06/2025	05:14:19	0.63	0.63	12612.7	   	   	3.0	3.0	2.9	0.0	2.9	0.0	
02/06/2025	05:04:19	0.63	0.63	12612.6	   	   	3.0	3.0	2.9	0.0	2.9	0.0	
02/06/2025	04:54:19	0.63	0.63	12612.5	   	   	3.0	3.0	2.9	0.0	2.9	0.0	
02/06/2025	04:44:19	0.63	0.63	12612.4	   	   	3.0	3.0	2.9	0.0	2.9	0.0	
02/06/2025	04:34:19	0.63	0.63	12612.3	   	   	3.0	3.0	2.9	0.0	2.9	0.0	
02/06/2025	04:24:19	0.63	0.63	12612.2	   	   	3.0	3.0	2.9	0.0	2.9	0.0	
02/06/2025	04:14:19	0.63	0.63	12612.1	   	   	3.0	3.0	2.9	0.0	2.9	0.0	
02/06/2025	04:04:19	0.63	0.63	12612.0	   	   	3.0	3.0	2.9	0.0	2.9	0.0	
02/06/2025	03:54:18	0.63	0.63	12611.9	   	   	3.0	3.0	2.9	0.0	2.9	0.0	
02/06/2025	03:44:18	0.63	0.63	12611.8	   	   	3.0	3.0	2.9	0.0	2.9	0.0	
02/06/2025	03:34:18	0.63	0.63	12611.7	   	   	3.0	3.0	2.9	0.0	2.9	0.0	
02/06/2025	03:24:18	0.63	0.63	12611.6	   	   	3.0	3.0	2.9	0.0	2.9	0.0	
02/06/2025	03:14:18	0.63	0.65	12611.5	   	   	3.0	3.1	2.9	0.0	3.0	0.0	
02/06/2025	03:04:18	0.63	0.63	12611.4	   	   	3.0	3.0	2.9	0.0	3.0	0.0	
02/06/2025	02:54:18	0.63	0.63	12611.3	   	   	3.0	3.0	2.9	0.0	3.0	0.0	
02/06/2025	02:44:18	0.63	0.65	12611.2	   	   	3.0	3.1	2.9	0.0	3.0	0.0	
02/06/2025	02:34:18	0.63	0.63	12611.1	   	   	3.0	3.0	2.9	0.0	2.9	0.0	
02/06/2025	02:24:18	0.63	0.65	12610.9	   	   	3.0	3.1	2.9	0.0	3.0	0.0	
02/06/2025	02:14:18	0.63	0.65	12610.8	   	   	3.0	3.1	3.0	0.0	3.0	0.0	
02/06/2025	02:04:18	0.63	0.65	12610.7	   	   	3.0	3.1	2.9	0.0	3.0	0.0	
02/06/2025	01:54:18	0.63	0.63	12610.6	   	   	3.0	3.0	2.9	0.0	3.0	0.0	
02/06/2025	01:44:18	0.63	0.65	12610.5	   	   	3.0	3.1	2.9	0.0	3.0	0.0	
02/06/2025	01:34:18	0.65	0.65	12610.4	   	   	3.1	3.1	3.0	0.0	3.0	0.0	
02/06/2025	01:24:18	0.63	0.63	12610.3	   	   	3.0	3.0	2.9	0.0	3.0	0.0	
02/06/2025	01:14:18	0.63	0.63	12610.2	   	   	3.0	3.0	2.9	0.0	2.9	0.0	
02/06/2025	01:04:18	0.63	0.65	12610.1	   	   	3.0	3.1	2.9	0.0	3.0	0.0	
02/06/2025	00:54:17	0.63	0.63	12610.0	   	   	3.0	3.0	2.9	0.0	2.9	0.0	
02/06/2025	00:44:17	0.63	0.65	12609.9	   	   	3.0	3.1	2.9	0.0	3.0	0.0	
02/06/2025	00:34:17	0.65	0.65	12609.8	   	   	3.1	3.1	3.0	0.0	3.0	0.0	
02/06/2025	00:24:17	0.63	0.63	12609.7	   	   	3.0	3.0	2.9	0.0	2.9	0.0	
02/06/2025	00:14:17	0.63	0.63	12609.6	   	   	3.0	3.0	2.9	0.0	2.9	0.0	
02/06/2025	00:04:17	0.63	0.63	12609.5	   	   	3.0	3.0	2.9	0.0	2.9	0.0	
02/05/2025	23:54:17	0.63	0.63	12609.4	   	   	3.0	3.0	2.9	0.0	2.9	0.0	
02/05/2025	23:44:17	0.63	0.63	12609.3	   	   	3.0	3.0	2.9	0.0	2.9	0.0	
02/05/2025	23:34:17	0.63	0.63	12609.2	   	   	3.0	3.0	2.9	0.0	2.9	0.0	
02/05/2025	23:24:17	0.63	0.63	12609.1	   	   	3.0	3.0	2.9	0.0	2.9	0.0	
02/05/2025	23:14:17	0.63	0.63	12609.0	   	   	3.0	3.0	2.9	0.0	2.9	0.0	
02/05/2025	23:04:17	0.63	0.63	12608.9	   	   	3.0	3.0	2.9	0.0	2.9	0.0	
02/05/2025	22:54:17	0.63	0.63	12608.8	   	   	3.0	3.0	2.9	0.0	2.9	0.0	
02/05/2025	22:44:17	0.63	0.63	12608.7	   	   	3.0	3.0	2.9	0.0	2.9	0.0	
02/05/2025	22:34:17	0.63	0.63	12608.6	   	   	3.0	3.0	2.9	0.0	2.9	0.0	
02/05/2025	22:24:17	0.63	0.63	12608.5	   	   	3.0	3.0	2.9	0.0	2.9	0.0	
02/05/2025	22:14:17	0.63	0.63	12608.4	   	   	3.0	3.0	2.9	0.0	2.9	0.0	
02/05/2025	22:04:17	0.63	0.63	12608.3	   	   	3.0	3.0	2.9	0.0	2.9	0.0	
02/05/2025	21:54:17	0.63	0.63	12608.2	   	   	3.0	3.0	2.9	0.0	2.9	0.0	
02/05/2025	21:44:16	0.63	0.63	12608.1	   	   	3.0	3.0	2.9	0.0	2.9	0.0	
02/05/2025	21:34:16	0.63	0.63	12608.0	   	   	3.0	3.0	2.9	0.0	2.9	0.0	
02/05/2025	21:24:16	0.63	0.63	12607.8	   	   	3.0	3.0	2.9	0.0	2.9	0.0	
02/05/2025	21:14:16	0.63	0.63	12607.7	   	   	3.0	3.0	2.9	0.0	2.9	0.0	
02/05/2025	21:04:16	0.63	0.63	12607.6	   	   	3.0	3.0	2.9	0.0	2.9	0.0	
02/05/2025	20:54:16	0.63	0.63	12607.5	   	   	3.0	3.0	2.9	0.0	2.9	0.0	
02/05/2025	20:44:16	0.63	0.63	12607.4	   	   	3.0	3.0	2.9	0.0	2.9	0.0	
02/05/2025	20:34:16	0.63	0.63	12607.3	   	   	3.0	3.0	2.9	0.0	2.9	0.0	
02/05/2025	20:24:16	0.63	0.63	12607.2	   	   	3.0	3.0	2.9	0.0	2.9	0.0	
02/05/2025	20:14:16	0.63	0.63	12607.1	   	   	3.0	3.0	2.9	0.0	2.9	0.0	
02/05/2025	20:04:16	0.63	0.63	12607.0	   	   	3.0	3.0	2.9	0.0	2.9	0.0	
02/05/2025	19:54:16	0.63	0.63	12606.9	   	   	3.0	3.0	2.9	0.0	2.9	0.0	
02/05/2025	19:44:16	0.63	0.63	12606.8	   	   	3.0	3.0	2.9	0.0	2.9	0.0	
02/05/2025	19:34:16	0.63	0.63	12606.7	   	   	3.0	3.0	2.9	0.0	2.9	0.0	
02/05/2025	19:24:16	0.63	0.63	12606.6	   	   	3.0	3.0	2.9	0.0	2.9	0.0	
02/05/2025	19:14:16	0.63	0.63	12606.5	   	   	3.0	3.0	2.9	0.0	2.9	0.0	
02/05/2025	19:04:16	0.63	0.63	12606.4	   	   	3.0	3.0	2.9	0.0	2.9	0.0	
02/05/2025	18:54:15	0.63	0.63	12606.3	   	   	3.0	3.0	2.9	0.0	2.9	0.0	
02/05/2025	18:44:15	0.63	0.63	12606.2	   	   	3.0	3.0	2.9	0.0	2.9	0.0	
02/05/2025	18:34:15	0.63	0.63	12606.1	   	   	3.0	3.0	2.9	0.0	2.9	0.0	
02/05/2025	18:24:15	0.63	0.63	12606.0	   	   	3.0	3.0	2.9	0.0	2.9	0.0	
02/05/2025	18:14:15	0.63	0.63	12605.9	   	   	3.0	3.0	2.9	0.0	2.9	0.0	
02/05/2025	18:04:15	0.63	0.63	12605.8	   	   	3.0	3.0	2.9	0.0	2.9	0.0	
02/05/2025	17:54:15	0.63	0.63	12605.7	   	   	3.0	3.0	2.9	0.0	2.9	0.0	
02/05/2025	17:44:15	0.63	0.63	12605.6	   	   	3.0	3.0	2.9	0.0	2.9	0.0	
02/05/2025	17:34:15	0.63	0.63	12605.5	   	   	3.0	3.0	2.9	0.0	2.9	0.0	
02/05/2025	17:24:15	0.63	0.63	12605.4	   	   	3.0	3.0	2.9	0.0	2.9	0.0	
02/05/2025	17:14:15	0.63	0.63	12605.3	   	   	3.0	3.0	2.9	0.0	2.9	0.0	
02/05/2025	17:04:15	0.63	0.63	12605.2	   	   	3.0	3.0	2.9	0.0	2.9	0.0	
02/05/2025	16:54:15	0.63	0.63	12605.1	   	   	3.0	3.0	2.9	0.0	2.9	0.0	
02/05/2025	16:44:15	0.63	0.63	12605.0	   	   	3.0	3.0	2.9	0.0	2.9	0.0	
02/05/2025	16:34:15	0.63	0.63	12604.9	   	   	3.0	3.0	2.9	0.0	2.9	0.0	
02/05/2025	16:24:15	0.63	0.63	12604.8	   	   	3.0	3.0	2.9	0.0	2.9	0.0	
02/05/2025	16:14:15	0.63	0.63	12604.7	   	   	3.0	3.0	2.9	0.0	2.9	0.0	
02/05/2025	16:04:15	0.63	0.63	12604.6	   	   	3.0	3.0	2.9	0.0	2.9	0.0	
02/05/2025	15:54:14	0.63	0.63	12604.5	   	   	3.0	3.0	2.9	0.0	2.9	0.0	
02/05/2025	15:44:14	0.63	0.63	12604.4	   	   	3.0	3.0	2.9	0.0	2.9	0.0	
02/05/2025	15:34:14	0.63	0.63	12604.3	   	   	3.0	3.0	2.9	0.0	2.9	0.0	
02/05/2025	15:24:14	0.63	0.63	12604.2	   	   	3.0	3.0	2.9	0.0	2.9	0.0	
02/05/2025	15:14:14	0.63	0.63	12604.1	   	   	3.0	3.0	2.9	0.0	2.9	0.0	
02/05/2025	15:04:14	0.63	0.63	12604.0	   	   	3.0	3.0	2.9	0.0	2.9	0.0	
02/05/2025	14:54:14	0.63	0.63	12603.9	   	   	3.0	3.0	2.9	0.0	2.9	0.0	
02/05/2025	14:44:14	0.63	0.63	12603.7	   	   	3.0	3.0	2.9	0.0	2.9	0.0	
02/05/2025	14:34:14	0.63	0.63	12603.6	   	   	3.0	3.0	2.9	0.0	2.9	0.0	
02/05/2025	14:24:14	0.63	0.63	12603.5	   	   	3.0	3.0	2.9	0.0	2.9	0.0	
02/05/2025	14:14:14	0.63	0.63	12603.4	   	   	3.0	3.0	2.9	0.0	2.9	0.0	
02/05/2025	14:04:14	0.63	0.63	12603.3	   	   	3.0	3.0	2.9	0.0	2.9	0.0	
02/05/2025	13:54:14	0.63	0.63	12603.2	   	   	3.0	3.0	2.9	0.0	2.9	0.0	
02/05/2025	13:44:14	0.63	0.63	12603.1	   	   	3.0	3.0	2.9	0.0	2.9	0.0	
02/05/2025	13:34:14	0.63	0.63	12603.0	   	   	3.0	3.0	2.9	0.0	2.9	0.0	
02/05/2025	13:24:13	0.63	0.63	12602.9	   	   	3.0	3.0	2.9	0.0	2.9	0.0	
02/05/2025	13:14:13	0.63	0.63	12602.8	   	   	3.0	3.0	2.9	0.0	2.9	0.0	
02/05/2025	13:04:13	0.63	0.63	12602.7	   	   	3.0	3.0	2.9	0.0	2.9	0.0	
02/05/2025	12:54:13	0.63	0.63	12602.6	   	   	3.0	3.0	2.9	0.0	2.9	0.0	
02/05/2025	12:44:13	0.63	0.63	12602.5	   	   	3.0	3.0	2.9	0.0	2.9	0.0	
02/05/2025	12:34:13	0.63	0.63	12602.4	   	   	3.0	3.0	2.9	0.0	2.9	0.0	
02/05/2025	12:24:13	0.63	0.63	12602.3	   	   	3.0	3.0	2.9	0.0	2.9	0.0	
02/05/2025	12:14:13	0.63	0.63	12602.2	   	   	3.0	3.0	2.9	0.0	2.9	0.0	
02/05/2025	12:04:13	0.63	0.63	12602.1	   	   	3.0	3.0	2.9	0.0	2.9	0.0	
02/05/2025	11:54:13	0.63	0.63	12602.0	   	   	3.0	3.0	2.9	0.0	2.9	0.0	
02/05/2025	11:44:13	0.63	0.63	12601.9	   	   	3.0	3.0	2.9	0.0	2.9	0.0	
02/05/2025	11:34:13	0.63	0.63	12601.8	   	   	3.0	3.0	2.9	0.0	2.9	0.0	
02/05/2025	11:24:13	0.63	0.63	12601.7	   	   	3.0	3.0	2.9	0.0	2.9	0.0	
02/05/2025	11:14:13	0.63	0.63	12601.6	   	   	3.0	3.0	2.9	0.0	2.9	0.0	
02/05/2025	11:04:13	0.63	0.63	12601.5	   	   	3.0	3.0	2.9	0.0	2.9	0.0	
02/05/2025	10:54:13	0.63	0.63	12601.4	   	   	3.0	3.0	2.9	0.0	2.9	0.0	
02/05/2025	10:44:13	0.63	0.63	12601.3	   	   	3.0	3.0	2.9	0.0	2.9	0.0	
02/05/2025	10:34:12	0.63	0.63	12601.2	   	   	3.0	3.0	2.9	0.0	2.9	0.0	
02/05/2025	10:24:12	0.63	0.63	12601.1	   	   	3.0	3.0	2.9	0.0	2.9	0.0	
02/05/2025	10:14:12	0.63	0.63	12601.0	   	   	3.0	3.0	2.9	0.0	2.9	0.0	
02/05/2025	10:04:12	0.63	0.63	12600.9	   	   	3.0	3.0	2.9	0.0	2.9	0.0	
02/05/2025	09:54:12	0.63	0.63	12600.8	   	   	3.0	3.0	2.9	0.0	2.9	0.0	
02/05/2025	09:44:12	0.63	0.63	12600.7	   	   	3.0	3.0	2.9	0.0	2.9	0.0	
02/05/2025	09:34:12	0.63	0.63	12600.6	   	   	3.0	3.0	2.9	0.0	2.9	0.0	
02/05/2025	09:24:12	0.63	0.63	12600.5	   	   	3.0	3.0	2.9	0.0	2.9	0.0	
02/05/2025	09:14:12	0.63	0.63	12600.4	   	   	3.0	3.0	2.9	0.0	2.9	0.0	
02/05/2025	09:04:12	0.63	0.63	12600.3	   	   	3.0	3.0	2.9	0.0	2.9	0.0	
02/05/2025	08:54:12	0.63	0.63	12600.2	   	   	3.0	3.0	2.9	0.0	2.9	0.0	
02/05/2025	08:44:12	0.63	0.63	12600.1	   	   	3.0	3.0	2.9	0.0	2.9	0.0	
02/05/2025	08:34:12	0.63	0.63	12600.0	   	   	3.0	3.0	2.9	0.0	2.9	0.0	
02/05/2025	08:24:12	0.63	0.63	12599.9	   	   	3.0	3.0	2.9	0.0	2.9	0.0	
02/05/2025	08:14:12	0.63	0.63	12599.8	   	   	3.0	3.0	2.9	0.0	2.9	0.0	
02/05/2025	08:04:12	0.63	0.63	12599.7	   	   	3.0	3.0	2.9	0.0	2.9	0.0	
02/05/2025	07:54:12	0.63	0.63	12599.6	   	   	3.0	3.0	2.9	0.0	2.9	0.0	
02/05/2025	07:44:12	0.63	0.63	12599.5	   	   	3.0	3.0	2.9	0.0	2.9	0.0	
02/05/2025	07:34:11	0.63	0.63	12599.4	   	   	3.0	3.0	2.9	0.0	2.9	0.0	
02/05/2025	07:24:11	0.63	0.63	12599.3	   	   	3.0	3.0	2.9	0.0	2.9	0.0	
02/05/2025	07:14:11	0.63	0.63	12599.1	   	   	3.0	3.0	2.9	0.0	2.9	0.0	
02/05/2025	07:04:11	0.63	0.63	12599.0	   	   	3.0	3.0	2.9	0.0	2.9	0.0	
02/05/2025	06:54:11	0.63	0.63	12598.9	   	   	3.0	3.0	2.9	0.0	2.9	0.0	
02/05/2025	06:44:11	0.63	0.63	12598.8	   	   	3.0	3.0	2.9	0.0	2.9	0.0	
02/05/2025	06:34:11	0.63	0.63	12598.7	   	   	3.0	3.0	2.9	0.0	2.9	0.0	
02/05/2025	06:24:11	0.63	0.63	12598.6	   	   	3.0	3.0	2.9	0.0	2.9	0.0	
02/05/2025	06:14:11	0.63	0.63	12598.5	   	   	3.0	3.0	2.9	0.0	3.0	0.0	
02/05/2025	06:04:11	0.63	0.63	12598.4	   	   	3.0	3.0	2.9	0.0	3.0	0.0	
02/05/2025	05:54:11	0.63	0.63	12598.3	   	   	3.0	3.0	2.9	0.0	2.9	0.0	
02/05/2025	05:44:11	0.63	0.63	12598.2	   	   	3.0	3.0	2.9	0.0	2.9	0.0	
02/05/2025	05:34:11	0.63	0.63	12598.1	   	   	3.0	3.0	2.9	0.0	2.9	0.0	
02/05/2025	05:24:11	0.63	0.63	12598.0	   	   	3.0	3.0	2.9	0.0	3.0	0.0	
02/05/2025	05:14:11	0.63	0.63	12597.9	   	   	3.0	3.0	2.9	0.0	3.0	0.0	
02/05/2025	05:04:11	0.63	0.63	12597.8	   	   	3.0	3.0	2.9	0.0	2.9	0.0	
02/05/2025	04:54:11	0.63	0.63	12597.7	   	   	3.0	3.0	2.9	0.0	3.0	0.0	
02/05/2025	04:44:11	0.63	0.63	12597.6	   	   	3.0	3.0	2.9	0.0	3.0	0.0	
02/05/2025	04:34:10	0.63	0.63	12597.5	   	   	3.0	3.0	2.9	0.0	3.0	0.0	
02/05/2025	04:24:10	0.63	0.63	12597.4	   	   	3.0	3.0	2.9	0.0	3.0	0.0	
02/05/2025	04:14:10	0.63	0.65	12597.3	   	   	3.0	3.1	2.9	0.0	3.0	0.0	
02/05/2025	04:04:10	0.63	0.63	12597.2	   	   	3.0	3.0	2.9	0.0	3.0	0.0	
02/05/2025	03:54:10	0.63	0.63	12597.1	   	   	3.0	3.0	2.9	0.0	3.0	0.0	
02/05/2025	03:44:10	0.63	0.63	12597.0	   	   	3.0	3.0	2.9	0.0	3.0	0.0	
02/05/2025	03:34:10	0.63	0.63	12596.9	   	   	3.0	3.0	2.9	0.0	3.0	0.0	
02/05/2025	03:24:10	0.63	0.63	12596.8	   	   	3.0	3.0	2.9	0.0	2.9	0.0	
02/05/2025	03:14:10	0.63	0.63	12596.7	   	   	3.0	3.0	2.9	0.0	3.0	0.0	
02/05/2025	03:04:10	0.63	0.63	12596.6	   	   	3.0	3.0	2.9	0.0	3.0	0.0	
02/05/2025	02:54:10	0.63	0.63	12596.5	   	   	3.0	3.0	2.9	0.0	3.0	0.0	
02/05/2025	02:44:10	0.63	0.63	12596.4	   	   	3.0	3.0	2.9	0.0	3.0	0.0	
02/05/2025	02:34:10	0.63	0.63	12596.2	   	   	3.0	3.0	2.9	0.0	2.9	0.0	
02/05/2025	02:24:10	0.63	0.63	12596.1	   	   	3.0	3.0	2.9	0.0	2.9	0.0	
02/05/2025	02:14:10	0.63	0.63	12596.0	   	   	3.0	3.0	2.9	0.0	3.0	0.0	
02/05/2025	02:04:10	0.63	0.63	12595.9	   	   	3.0	3.0	2.9	0.0	2.9	0.0	
02/05/2025	01:54:09	0.63	0.63	12595.8	   	   	3.0	3.0	2.9	0.0	2.9	0.0	
02/05/2025	01:44:09	0.63	0.63	12595.7	   	   	3.0	3.0	2.9	0.0	2.9	0.0	
02/05/2025	01:34:09	0.63	0.63	12595.6	   	   	3.0	3.0	2.9	0.0	2.9	0.0	
02/05/2025	01:24:09	0.63	0.63	12595.5	   	   	3.0	3.0	2.9	0.0	2.9	0.0	
02/05/2025	01:14:09	0.63	0.63	12595.4	   	   	3.0	3.0	2.9	0.0	3.0	0.0	
02/05/2025	01:04:09	0.63	0.63	12595.3	   	   	3.0	3.0	2.9	0.0	2.9	0.0	
02/05/2025	00:54:09	0.63	0.63	12595.2	   	   	3.0	3.0	2.9	0.0	2.9	0.0	
02/05/2025	00:44:09	0.63	0.63	12595.1	   	   	3.0	3.0	2.9	0.0	3.0	0.0	
02/05/2025	00:34:09	0.63	0.63	12595.0	   	   	3.0	3.0	2.9	0.0	2.9	0.0	
02/05/2025	00:24:09	0.63	0.65	12594.9	   	   	3.0	3.1	2.9	0.0	3.0	0.0	
02/05/2025	00:14:09	0.65	0.65	12594.8	   	   	3.1	3.1	3.0	0.0	3.0	0.0	
02/05/2025	00:04:09	0.63	0.63	12594.7	   	   	3.0	3.0	2.9	0.0	3.0	0.0	
02/04/2025	23:54:09	0.63	0.65	12594.6	   	   	3.0	3.1	2.9	0.0	3.0	0.0	
02/04/2025	23:44:09	0.63	0.63	12594.5	   	   	3.0	3.0	2.9	0.0	2.9	0.0	
02/04/2025	23:34:09	0.63	0.63	12594.4	   	   	3.0	3.0	2.9	0.0	2.9	0.0	
02/04/2025	23:24:09	0.63	0.65	12594.3	   	   	3.0	3.1	2.9	0.0	3.0	0.0	
02/04/2025	23:14:09	0.65	0.65	12594.2	   	   	3.1	3.1	3.0	0.0	3.0	0.0	
02/04/2025	23:04:09	0.63	0.63	12594.1	   	   	3.0	3.0	2.9	0.0	3.0	0.0	
02/04/2025	22:54:09	0.63	0.63	12593.9	   	   	3.0	3.0	2.9	0.0	3.0	0.0	
02/04/2025	22:44:08	0.63	0.63	12593.8	   	   	3.0	3.0	2.9	0.0	2.9	0.0	
02/04/2025	22:34:08	0.63	0.63	12593.7	   	   	3.0	3.0	2.9	0.0	2.9	0.0	
02/04/2025	22:24:08	0.63	0.63	12593.6	   	   	3.0	3.0	2.9	0.0	2.9	0.0	
02/04/2025	22:14:08	0.63	0.63	12593.5	   	   	3.0	3.0	2.9	0.0	2.9	0.0	
02/04/2025	22:04:08	0.63	0.63	12593.4	   	   	3.0	3.0	2.9	0.0	2.9	0.0	
02/04/2025	21:54:08	0.63	0.63	12593.3	   	   	3.0	3.0	2.9	0.0	2.9	0.0	
02/04/2025	21:44:08	0.63	0.63	12593.2	   	   	3.0	3.0	2.9	0.0	3.0	0.0	
02/04/2025	21:34:08	0.63	0.63	12593.1	   	   	3.0	3.0	2.9	0.0	2.9	0.0	
02/04/2025	21:24:08	0.63	0.63	12593.0	   	   	3.0	3.0	2.9	0.0	2.9	0.0	
02/04/2025	21:14:08	0.63	0.63	12592.9	   	   	3.0	3.0	2.9	0.0	2.9	0.0	
02/04/2025	21:04:08	0.63	0.63	12592.8	   	   	3.0	3.0	2.9	0.0	2.9	0.0	
02/04/2025	20:54:08	0.63	0.63	12592.7	   	   	3.0	3.0	2.9	0.0	2.9	0.0	
02/04/2025	20:44:08	0.63	0.63	12592.6	   	   	3.0	3.0	2.9	0.0	2.9	0.0	
02/04/2025	20:34:08	0.63	0.63	12592.5	   	   	3.0	3.0	2.9	0.0	2.9	0.0	
02/04/2025	20:24:08	0.63	0.63	12592.4	   	   	3.0	3.0	2.9	0.0	2.9	0.0	
02/04/2025	20:14:08	0.63	0.63	12592.3	   	   	3.0	3.0	2.9	0.0	2.9	0.0	
02/04/2025	20:04:08	0.63	0.63	12592.2	   	   	3.0	3.0	2.9	0.0	2.9	0.0	
02/04/2025	19:54:08	0.63	0.63	12592.1	   	   	3.0	3.0	2.9	0.0	2.9	0.0	
02/04/2025	19:44:07	0.63	0.63	12592.0	   	   	3.0	3.0	2.9	0.0	2.9	0.0	
02/04/2025	19:34:07	0.63	0.63	12591.9	   	   	3.0	3.0	2.9	0.0	2.9	0.0	
02/04/2025	19:24:07	0.63	0.63	12591.8	   	   	3.0	3.0	2.9	0.0	2.9	0.0	
02/04/2025	19:14:07	0.63	0.63	12591.7	   	   	3.0	3.0	2.9	0.0	2.9	0.0	
02/04/2025	19:04:07	0.63	0.63	12591.6	   	   	3.0	3.0	2.9	0.0	3.0	0.0	
02/04/2025	18:54:07	0.63	0.63	12591.5	   	   	3.0	3.0	2.9	0.0	2.9	0.0	
02/04/2025	18:44:07	0.63	0.63	12591.4	   	   	3.0	3.0	2.9	0.0	2.9	0.0	
02/04/2025	18:34:07	0.63	0.63	12591.3	   	   	3.0	3.0	2.9	0.0	2.9	0.0	
02/04/2025	18:24:07	0.63	0.63	12591.2	   	   	3.0	3.0	2.9	0.0	2.9	0.0	
02/04/2025	18:14:07	0.63	0.63	12591.1	   	   	3.0	3.0	2.9	0.0	2.9	0.0	
02/04/2025	18:04:07	0.63	0.63	12591.0	   	   	3.0	3.0	2.9	0.0	2.9	0.0	
02/04/2025	17:54:07	0.63	0.63	12590.8	   	   	3.0	3.0	2.9	0.0	2.9	0.0	
02/04/2025	17:44:07	0.63	0.63	12590.7	   	   	3.0	3.0	2.9	0.0	2.9	0.0	
02/04/2025	17:34:07	0.63	0.63	12590.6	   	   	3.0	3.0	2.9	0.0	2.9	0.0	
02/04/2025	17:24:07	0.63	0.63	12590.5	   	   	3.0	3.0	2.9	0.0	2.9	0.0	
02/04/2025	17:14:07	0.63	0.63	12590.4	   	   	3.0	3.0	2.9	0.0	2.9	0.0	
02/04/2025	17:04:07	0.63	0.63	12590.3	   	   	3.0	3.0	2.9	0.0	2.9	0.0	
02/04/2025	16:54:07	0.63	0.63	12590.2	   	   	3.0	3.0	2.9	0.0	2.9	0.0	
02/04/2025	16:44:06	0.63	0.63	12590.1	   	   	3.0	3.0	2.9	0.0	2.9	0.0	
02/04/2025	16:34:06	0.63	0.63	12590.0	   	   	3.0	3.0	2.9	0.0	2.9	0.0	
02/04/2025	16:24:06	0.63	0.63	12589.9	   	   	3.0	3.0	2.9	0.0	2.9	0.0	
02/04/2025	16:14:06	0.63	0.63	12589.8	   	   	3.0	3.0	2.9	0.0	2.9	0.0	
02/04/2025	16:04:06	0.63	0.63	12589.7	   	   	3.0	3.0	2.9	0.0	2.9	0.0	
02/04/2025	15:54:06	0.63	0.63	12589.6	   	   	3.0	3.0	2.9	0.0	2.9	0.0	
02/04/2025	15:44:06	0.63	0.63	12589.5	   	   	3.0	3.0	2.9	0.0	2.9	0.0	
02/04/2025	15:34:06	0.63	0.63	12589.4	   	   	3.0	3.0	2.9	0.0	2.9	0.0	
02/04/2025	15:24:06	0.63	0.63	12589.3	   	   	3.0	3.0	2.9	0.0	2.9	0.0	
02/04/2025	15:14:06	0.63	0.63	12589.2	   	   	3.0	3.0	2.9	0.0	2.9	0.0	
02/04/2025	15:04:06	0.63	0.63	12589.1	   	   	3.0	3.0	2.9	0.0	2.9	0.0	
02/04/2025	14:54:06	0.63	0.63	12589.0	   	   	3.0	3.0	2.9	0.0	2.9	0.0	
02/04/2025	14:44:06	0.63	0.63	12588.9	   	   	3.0	3.0	2.9	0.0	2.9	0.0	
02/04/2025	14:34:06	0.63	0.63	12588.8	   	   	3.0	3.0	2.9	0.0	2.9	0.0	
02/04/2025	14:24:06	0.63	0.63	12588.7	   	   	3.0	3.0	2.9	0.0	2.9	0.0	
02/04/2025	14:14:06	0.63	0.63	12588.6	   	   	3.0	3.0	2.9	0.0	2.9	0.0	
02/04/2025	14:04:06	0.63	0.63	12588.5	   	   	3.0	3.0	2.9	0.0	2.9	0.0	
02/04/2025	13:54:06	0.63	0.63	12588.4	   	   	3.0	3.0	2.9	0.0	2.9	0.0	
02/04/2025	13:44:05	0.63	0.63	12588.3	   	   	3.0	3.0	2.9	0.0	2.9	0.0	
02/04/2025	13:34:05	0.63	0.63	12588.2	   	   	3.0	3.0	2.9	0.0	2.9	0.0	
02/04/2025	13:24:05	0.63	0.63	12588.1	   	   	3.0	3.0	2.9	0.0	2.9	0.0	
02/04/2025	13:14:05	0.63	0.63	12588.0	   	   	3.0	3.0	2.9	0.0	2.9	0.0	
02/04/2025	13:04:05	0.63	0.63	12587.9	   	   	3.0	3.0	2.9	0.0	2.9	0.0	
02/04/2025	12:54:05	0.63	0.63	12587.8	   	   	3.0	3.0	2.9	0.0	2.9	0.0	
02/04/2025	12:44:05	0.60	0.63	12587.7	   	   	2.9	3.0	2.9	0.0	2.9	0.0	
02/04/2025	12:34:05	0.63	0.63	12587.6	   	   	3.0	3.0	2.9	0.0	2.9	0.0	
02/04/2025	12:24:05	0.63	0.63	12587.5	   	   	3.0	3.0	2.9	0.0	2.9	0.0	
02/04/2025	12:14:05	0.63	0.63	12587.4	   	   	3.0	3.0	2.9	0.0	2.9	0.0	
02/04/2025	12:04:05	0.63	0.63	12587.3	   	   	3.0	3.0	2.9	0.0	2.9	0.0	
02/04/2025	11:54:05	0.63	0.63	12587.2	   	   	3.0	3.0	2.9	0.0	2.9	0.0	
02/04/2025	11:44:05	0.63	0.63	12587.1	   	   	3.0	3.0	2.9	0.0	2.9	0.0	
02/04/2025	11:34:05	0.63	0.63	12587.0	   	   	3.0	3.0	2.9	0.0	2.9	0.0	
02/04/2025	11:24:05	0.63	0.63	12586.9	   	   	3.0	3.0	2.9	0.0	2.9	0.0	
02/04/2025	11:14:05	0.63	0.63	12586.8	   	   	3.0	3.0	2.9	0.0	2.9	0.0	
02/04/2025	11:04:05	0.63	0.63	12586.7	   	   	3.0	3.0	2.9	0.0	2.9	0.0	
02/04/2025	10:54:05	0.63	0.63	12586.6	   	   	3.0	3.0	2.9	0.0	2.9	0.0	
02/04/2025	10:44:04	0.63	0.63	12586.5	   	   	3.0	3.0	2.9	0.0	2.9	0.0	
02/04/2025	10:34:04	0.63	0.63	12586.4	   	   	3.0	3.0	2.9	0.0	2.9	0.0	
02/04/2025	10:24:04	0.63	0.63	12586.3	   	   	3.0	3.0	2.9	0.0	2.9	0.0	
02/04/2025	10:14:04	0.63	0.63	12586.1	   	   	3.0	3.0	2.9	0.0	2.9	0.0	
02/04/2025	10:04:04	0.63	0.63	12586.0	   	   	3.0	3.0	2.9	0.0	2.9	0.0	
02/04/2025	09:54:04	0.63	0.63	12585.9	   	   	3.0	3.0	2.9	0.0	2.9	0.0	
02/04/2025	09:44:04	0.63	0.63	12585.8	   	   	3.0	3.0	2.9	0.0	2.9	0.0	
02/04/2025	09:34:04	0.63	0.63	12585.7	   	   	3.0	3.0	2.9	0.0	2.9	0.0	
02/04/2025	09:24:04	0.63	0.63	12585.6	   	   	3.0	3.0	2.9	0.0	2.9	0.0	
02/04/2025	09:14:04	0.63	0.63	12585.5	   	   	3.0	3.0	2.9	0.0	2.9	0.0	
02/04/2025	09:04:04	0.63	0.63	12585.4	   	   	3.0	3.0	2.9	0.0	2.9	0.0	
02/04/2025	08:54:04	0.63	0.63	12585.3	   	   	3.0	3.0	2.9	0.0	2.9	0.0	
02/04/2025	08:44:04	0.63	0.63	12585.2	   	   	3.0	3.0	2.9	0.0	2.9	0.0	
02/04/2025	08:34:04	0.63	0.63	12585.1	   	   	3.0	3.0	2.9	0.0	2.9	0.0	
02/04/2025	08:24:04	0.63	0.63	12585.0	   	   	3.0	3.0	2.9	0.0	2.9	0.0	
02/04/2025	08:14:04	0.63	0.63	12584.9	   	   	3.0	3.0	2.9	0.0	2.9	0.0	
02/04/2025	08:04:04	0.63	0.63	12584.8	   	   	3.0	3.0	2.9	0.0	2.9	0.0	
02/04/2025	07:54:03	0.63	0.63	12584.7	   	   	3.0	3.0	2.9	0.0	2.9	0.0	
02/04/2025	07:44:03	0.63	0.63	12584.6	   	   	3.0	3.0	2.9	0.0	2.9	0.0	
02/04/2025	07:34:03	0.63	0.63	12584.5	   	   	3.0	3.0	2.9	0.0	2.9	0.0	
02/04/2025	07:24:03	0.63	0.63	12584.4	   	   	3.0	3.0	2.9	0.0	2.9	0.0	
02/04/2025	07:14:03	0.63	0.63	12584.3	   	   	3.0	3.0	2.9	0.0	2.9	0.0	
02/04/2025	07:04:03	0.63	0.63	12584.2	   	   	3.0	3.0	2.9	0.0	2.9	0.0	
02/04/2025	06:54:03	0.63	0.63	12584.1	   	   	3.0	3.0	2.9	0.0	2.9	0.0	
02/04/2025	06:44:03	0.63	0.63	12584.0	   	   	3.0	3.0	2.9	0.0	2.9	0.0	
02/04/2025	06:34:03	0.63	0.63	12583.9	   	   	3.0	3.0	2.9	0.0	2.9	0.0	
02/04/2025	06:24:03	0.63	0.63	12583.8	   	   	3.0	3.0	2.9	0.0	2.9	0.0	
02/04/2025	06:14:03	0.63	0.63	12583.7	   	   	3.0	3.0	2.9	0.0	2.9	0.0	
02/04/2025	06:04:03	0.63	0.63	12583.6	   	   	3.0	3.0	2.9	0.0	2.9	0.0	
02/04/2025	05:54:03	0.63	0.63	12583.5	   	   	3.0	3.0	2.9	0.0	2.9	0.0	
02/04/2025	05:44:03	0.63	0.63	12583.4	   	   	3.0	3.0	2.9	0.0	2.9	0.0	
02/04/2025	05:34:03	0.63	0.63	12583.3	   	   	3.0	3.0	2.9	0.0	2.9	0.0	
02/04/2025	05:24:03	0.63	0.63	12583.2	   	   	3.0	3.0	2.9	0.0	2.9	0.0	
02/04/2025	05:14:03	0.63	0.63	12583.1	   	   	3.0	3.0	2.9	0.0	2.9	0.0	
02/04/2025	05:04:03	0.63	0.63	12583.0	   	   	3.0	3.0	2.9	0.0	2.9	0.0	
02/04/2025	04:54:03	0.63	0.63	12582.9	   	   	3.0	3.0	2.9	0.0	2.9	0.0	
02/04/2025	04:44:02	0.63	0.63	12582.8	   	   	3.0	3.0	2.9	0.0	2.9	0.0	
02/04/2025	04:34:02	0.63	0.63	12582.7	   	   	3.0	3.0	2.9	0.0	2.9	0.0	
02/04/2025	04:24:02	0.63	0.63	12582.6	   	   	3.0	3.0	2.9	0.0	2.9	0.0	
02/04/2025	04:14:02	0.63	0.63	12582.5	   	   	3.0	3.0	2.9	0.0	2.9	0.0	
02/04/2025	04:04:02	0.63	0.63	12582.4	   	   	3.0	3.0	2.9	0.0	2.9	0.0	
02/04/2025	03:54:02	0.63	0.63	12582.3	   	   	3.0	3.0	2.9	0.0	2.9	0.0	
02/04/2025	03:44:02	0.63	0.63	12582.1	   	   	3.0	3.0	2.9	0.0	2.9	0.0	
02/04/2025	03:34:02	0.63	0.63	12582.0	   	   	3.0	3.0	2.9	0.0	2.9	0.0	
02/04/2025	03:24:02	0.63	0.63	12581.9	   	   	3.0	3.0	2.9	0.0	2.9	0.0	
02/04/2025	03:14:02	0.63	0.63	12581.8	   	   	3.0	3.0	2.9	0.0	2.9	0.0	
02/04/2025	03:04:02	0.63	0.63	12581.7	   	   	3.0	3.0	2.9	0.0	2.9	0.0	
02/04/2025	02:54:02	0.63	0.63	12581.6	   	   	3.0	3.0	2.9	0.0	2.9	0.0	
02/04/2025	02:44:02	0.63	0.63	12581.5	   	   	3.0	3.0	2.9	0.0	2.9	0.0	
02/04/2025	02:34:02	0.63	0.63	12581.4	   	   	3.0	3.0	2.9	0.0	2.9	0.0	
02/04/2025	02:24:02	0.63	0.63	12581.3	   	   	3.0	3.0	2.9	0.0	2.9	0.0	
02/04/2025	02:14:02	0.63	0.63	12581.2	   	   	3.0	3.0	2.9	0.0	2.9	0.0	
02/04/2025	02:04:02	0.63	0.63	12581.1	   	   	3.0	3.0	2.9	0.0	2.9	0.0	
02/04/2025	01:54:02	0.63	0.63	12581.0	   	   	3.0	3.0	2.9	0.0	2.9	0.0	
02/04/2025	01:44:01	0.63	0.63	12580.9	   	   	3.0	3.0	2.9	0.0	2.9	0.0	
02/04/2025	01:34:01	0.63	0.63	12580.8	   	   	3.0	3.0	2.9	0.0	2.9	0.0	
02/04/2025	01:24:01	0.63	0.63	12580.7	   	   	3.0	3.0	2.9	0.0	2.9	0.0	
02/04/2025	01:14:01	0.63	0.63	12580.6	   	   	3.0	3.0	2.9	0.0	2.9	0.0	
02/04/2025	01:04:01	0.63	0.63	12580.5	   	   	3.0	3.0	2.9	0.0	2.9	0.0	
02/04/2025	00:54:01	0.63	0.63	12580.4	   	   	3.0	3.0	2.9	0.0	2.9	0.0	
02/04/2025	00:44:01	0.63	0.63	12580.3	   	   	3.0	3.0	2.9	0.0	2.9	0.0	
02/04/2025	00:34:01	0.63	0.63	12580.2	   	   	3.0	3.0	2.9	0.0	2.9	0.0	
02/04/2025	00:24:01	0.63	0.63	12580.1	   	   	3.0	3.0	2.9	0.0	2.9	0.0	
02/04/2025	00:14:01	0.63	0.63	12580.0	   	   	3.0	3.0	2.9	0.0	2.9	0.0	
02/04/2025	00:04:01	0.63	0.63	12579.9	   	   	3.0	3.0	2.9	0.0	2.9	0.0	
02/03/2025	23:54:01	0.63	0.65	12579.8	   	   	3.0	3.1	2.9	0.0	3.0	0.0	
02/03/2025	23:44:01	0.65	0.65	12579.7	   	   	3.1	3.1	3.0	0.0	3.0	0.0	
02/03/2025	23:34:01	0.63	0.63	12579.6	   	   	3.0	3.0	2.9	0.0	2.9	0.0	
02/03/2025	23:24:01	0.63	0.63	12579.5	   	   	3.0	3.0	2.9	0.0	2.9	0.0	
02/03/2025	23:14:01	0.63	0.63	12579.4	   	   	3.0	3.0	2.9	0.0	2.9	0.0	
02/03/2025	23:04:01	0.63	0.65	12579.3	   	   	3.0	3.1	2.9	0.0	3.0	0.0	
02/03/2025	22:54:01	0.63	0.63	12579.2	   	   	3.0	3.0	2.9	0.0	3.0	0.0	
02/03/2025	22:44:01	0.63	0.63	12579.1	   	   	3.0	3.0	2.9	0.0	2.9	0.0	
02/03/2025	22:34:00	0.63	0.65	12579.0	   	   	3.0	3.1	2.9	0.0	3.0	0.0	
02/03/2025	22:24:00	0.63	0.63	12578.8	   	   	3.0	3.0	2.9	0.0	2.9	0.0	
02/03/2025	22:14:00	0.63	0.65	12578.7	   	   	3.0	3.1	2.9	0.0	3.0	0.0	
02/03/2025	22:04:00	0.63	0.63	12578.6	   	   	3.0	3.0	2.9	0.0	2.9	0.0	
02/03/2025	21:54:00	0.63	0.63	12578.5	   	   	3.0	3.0	2.9	0.0	2.9	0.0	
02/03/2025	21:44:00	0.63	0.65	12578.4	   	   	3.0	3.1	2.9	0.0	3.0	0.0	
02/03/2025	21:34:00	0.63	0.63	12578.3	   	   	3.0	3.0	2.9	0.0	3.0	0.0	
02/03/2025	21:24:00	0.63	0.65	12578.2	   	   	3.0	3.1	2.9	0.0	3.0	0.0	
02/03/2025	21:14:00	0.63	0.63	12578.1	   	   	3.0	3.0	2.9	0.0	2.9	0.0	
02/03/2025	21:04:00	0.63	0.65	12578.0	   	   	3.0	3.1	2.9	0.0	3.0	0.0	
02/03/2025	20:54:00	0.63	0.65	12577.9	   	   	3.0	3.1	3.0	0.0	3.0	0.0	
02/03/2025	20:44:00	0.63	0.63	12577.8	   	   	3.0	3.0	2.9	0.0	2.9	0.0	
02/03/2025	20:34:00	0.63	0.63	12577.7	   	   	3.0	3.0	2.9	0.0	2.9	0.0	
02/03/2025	20:24:00	0.63	0.63	12577.6	   	   	3.0	3.0	2.9	0.0	3.0	0.0	
02/03/2025	20:14:00	0.63	0.63	12577.5	   	   	3.0	3.0	2.9	0.0	2.9	0.0	
02/03/2025	20:04:00	0.63	0.63	12577.4	   	   	3.0	3.0	2.9	0.0	2.9	0.0	
02/03/2025	19:54:00	0.63	0.63	12577.3	   	   	3.0	3.0	2.9	0.0	2.9	0.0	
02/03/2025	19:44:00	0.63	0.63	12577.2	   	   	3.0	3.0	2.9	0.0	2.9	0.0	
02/03/2025	19:33:59	0.63	0.63	12577.1	   	   	3.0	3.0	2.9	0.0	2.9	0.0	
02/03/2025	19:23:59	0.63	0.63	12577.0	   	   	3.0	3.0	2.9	0.0	2.9	0.0	
